0	0
0	0
0	0
0	0
0	0
0	0
0	0
0	0
0	0
0	0
0	0
0	0
0	0
0	0
0	0
0	0
0	0
0	0
0	0
0	0
0	0
0	0
0	0
0	0
0	0
0	0
0	0
0	0
0	0
0	0
0	0
0	0
0	0
0	0
0	0
0	0
0	0
0	0
0	0
0	0
0	0
0	0
0	0
0	0
0	0
0	0
0	0
0	0
0	0
0	0
0	0
0	0
0	0
0	0
0	0
0	0
0	0
0	0
0	0
0	0
0	0
0	0
0	0
0	0
0	0
0	0
0	0
0	0
0	0
0	0
0	0
0	0
0	0
0	0
0	0
0	0
0	0
0	0
0	0
0	0
0	0
0	0
0	0
0	0
0	0
0	0
0	0
0	0
0	0
0	0
0	0
0	0
0	0
0	0
0	0
0	0
0	0
0	0
0	0
0	0
0	0
0	0
0	0
0	0
0	0
0	0
0	0
0	0
0	0
0	0
0	0
0	0
0	0
0	0
0	0
0	0
0	0
0	0
0	0
0	0
0	0
0	0
0	0
0	0
0	0
0	0
0	0
0	0
0	0
0	0
0	0
0	0
0	0
0	0
0	0
0	0
0	0
0	0
0	0
0	0
0	0
0	0
0	0
0	0
0	0
0	0
0	0
0	0
0	0
0	0
0	0
0	0
0	0
0	0
0	0
0	0
0	0
0	0
0	0
0	0
0	0
0	0
0	0
0	0
0	0
0	0
0	0
0	0
0	0
0	0
0	0
0	0
0	0
0	0
0	0
0	0
0	0
0	0
0	0
0	0
0	0
0	0
0	0
0	0
0	0
0	0
0	0
0	0
0	0
0	0
0	0
0	0
0	0
0	0
0	0
0	0
0	0
0	0
0	0
0	0
0	0
0	0
0	0
0	0
0	0
0	0
0	0
0	0
0	0
0	0
0	0
0	0
0	0
0	0
0	0
0	0
0	0
0	0
0	0
0	0
0	0
0	0
0	0
0	0
0	0
0	0
0	0
0	0
0	0
0	0
0	0
0	0
0	0
0	0
0	0
0	0
0	0
0	0
0	0
0	0
0	0
0	0
0	0
0	0
0	0
0	0
0	0
0	0
0	0
0	0
0	0
0	0
0	0
0	0
0	0
0	0
0	0
0	0
0	0
0	0
0	0
0	0
0	0
0	0
0	0
0	0
0	0
0	0
0	0
0	0
0	0
0	0
0	0
0	0
0	0
0	0
0	0
0	0
0	0
0	0
0	0
0	0
0	0
0	0
0	0
0	0
0	0
0	0
0	0
0	0
0	0
0	0
0	0
0	0
0	0
0	0
0	0
0	0
0	0
0	0
28	25
23	20
14	13
15	14
15	13
13	11
14	13
18	15
21	17
24	21
25	21
28	24
28	24
32	27
24	21
25	22
28	23
26	22
30	26
25	21
22	19
31	25
31	25
20	11
37	34
32	30
28	27
34	33
31	29
28	26
18	8
20	12
27	22
17	15
24	20
20	16
18	11
26	18
23	19
24	19
25	22
27	25
20	7
23	22
31	29
33	30
37	35
36	32
28	26
28	26
30	28
30	27
26	24
26	23
26	19
22	17
26	22
16	8
25	21
28	26
26	23
28	26
26	23
29	25
29	26
23	19
28	25
27	22
30	25
28	25
30	27
30	26
29	24
27	20
29	24
27	23
27	23
23	20
23	14
22	14
9	3
22	15
21	17
21	14
23	18
21	17
24	19
21	15
23	15
18	10
21	19
25	19
26	19
23	19
24	17
24	13
23	16
25	23
20	13
25	22
22	15
28	23
25	22
18	10
25	20
26	20
25	21
32	26
25	14
28	26
24	22
25	21
23	20
18	11
26	24
24	22
23	18
23	20
22	17
21	18
22	20
26	24
28	27
25	16
27	22
28	25
29	26
29	25
28	24
30	26
32	30
34	28
30	27
29	27
34	26
27	20
30	27
31	20
33	29
33	28
28	22
32	28
32	29
27	24
33	29
31	27
32	28
13	4
32	22
28	24
27	17
29	24
28	18
30	24
25	18
26	21
29	26
28	23
28	24
18	9
31	27
29	25
35	31
31	28
31	27
31	27
30	25
33	30
24	22
26	23
23	20
25	21
28	25
25	22
30	26
25	23
23	14
27	25
22	20
26	22
10	9
26	12
26	24
29	25
21	9
24	22
21	18
25	19
30	29
28	26
17	9
18	8
29	26
30	27
29	27
34	31
33	31
34	31
30	28
36	33
30	26
35	33
34	29
30	27
31	28
25	24
25	22
29	26
23	18
22	18
24	19
26	16
25	21
26	19
25	20
25	19
27	23
27	23
28	21
26	19
24	20
23	15
25	18
27	21
26	19
25	18
25	17
26	18
27	23
29	24
27	22
28	23
30	27
26	18
23	20
30	19
29	22
16	6
32	28
31	26
27	23
26	17
28	24
27	20
29	21
31	27
31	23
29	24
19	17
28	22
31	28
31	27
34	28
35	31
31	23
29	22
31	25
28	24
29	25
30	26
28	23
20	18
23	20
33	27
30	27
30	25
31	27
30	25
30	24
37	27
32	27
33	28
31	26
30	23
25	21
30	26
30	22
28	23
29	22
27	23
28	21
34	27
29	26
18	15
35	31
32	27
31	26
31	27
33	30
29	26
30	26
32	26
33	27
32	25
35	29
32	25
32	28
34	30
34	22
35	28
36	30
25	24
34	29
36	29
38	22
35	28
35	31
27	23
25	21
34	27
40	36
36	30
37	33
34	31
29	25
30	25
36	30
34	29
35	27
33	27
30	27
33	27
24	21
19	17
29	26
36	31
35	28
28	25
32	28
34	27
36	28
37	32
26	23
14	13
36	31
31	24
32	26
33	29
36	29
36	32
30	24
34	29
36	32
19	17
36	29
31	27
33	28
29	26
36	30
34	30
35	30
20	19
25	23
36	31
34	30
31	28
31	26
26	23
31	22
32	25
27	24
27	24
34	25
30	21
27	24
30	26
28	24
23	21
31	27
30	26
28	24
38	34
37	31
34	29
36	31
34	27
39	33
17	15
33	30
31	27
20	17
33	27
27	23
36	26
40	33
41	31
34	28
28	25
38	33
32	25
38	34
38	31
32	25
39	31
33	27
34	31
35	31
32	27
37	32
28	21
34	27
27	24
37	27
31	25
36	32
35	28
34	29
35	31
32	28
36	29
39	31
31	28
35	30
27	23
11	10
25	21
39	35
35	27
31	26
35	24
32	27
35	25
30	26
36	31
33	28
35	27
38	31
27	23
34	25
30	23
31	26
27	24
36	30
34	31
33	29
34	28
34	29
34	28
30	26
28	25
27	20
32	27
33	27
29	25
32	29
35	24
35	28
35	31
34	30
33	28
34	29
32	24
30	22
35	31
35	27
37	32
36	30
33	27
28	25
23	18
34	28
34	29
22	20
27	23
29	25
37	31
32	28
33	28
32	28
32	23
37	29
34	29
36	31
35	29
31	26
29	23
28	22
29	22
36	31
38	32
21	17
32	27
32	27
34	29
31	27
25	20
28	25
34	28
30	27
30	25
31	26
33	26
34	29
22	19
26	22
36	30
31	26
26	20
31	27
32	27
34	31
32	27
29	24
27	18
29	25
32	25
27	23
30	25
26	22
30	26
27	22
26	23
25	22
27	23
31	27
34	28
30	25
29	24
32	26
25	22
23	13
31	27
31	29
27	25
29	26
30	26
32	27
30	28
25	22
17	5
17	5
19	13
22	17
21	16
21	17
26	21
26	18
24	21
24	19
24	18
22	19
24	20
25	22
24	17
26	21
24	17
25	21
22	18
26	21
18	7
22	13
26	22
24	19
26	23
28	23
26	22
27	21
28	21
14	12
25	23
31	28
22	20
19	16
29	27
23	11
27	23
27	23
16	5
27	26
34	31
38	35
39	36
36	32
40	36
36	32
27	25
25	21
16	6
23	20
23	20
23	20
26	21
22	19
28	24
26	21
21	17
23	20
24	20
24	16
23	17
27	21
25	17
21	10
29	27
23	15
27	22
28	22
25	15
28	26
29	25
34	28
30	27
29	24
26	16
25	21
26	20
27	24
27	23
31	26
31	28
27	23
29	25
27	23
29	24
32	28
33	29
26	21
28	23
30	27
27	23
26	22
30	24
31	26
29	25
32	27
27	19
32	28
29	24
31	22
32	26
29	25
32	28
33	28
32	25
31	26
32	27
31	27
32	28
28	23
32	27
30	24
31	26
29	23
27	22
31	25
32	27
33	28
27	24
29	25
30	27
31	27
34	29
37	32
28	24
33	29
30	26
31	24
22	0
21	5
34	28
36	31
26	22
27	22
29	24
27	22
32	27
26	21
22	20
20	16
25	20
27	21
32	27
29	24
26	21
35	30
36	28
35	29
28	24
29	24
33	27
32	28
34	29
28	24
26	22
35	29
33	28
31	27
33	29
35	30
26	22
33	28
20	16
36	31
31	27
34	27
35	30
32	27
33	25
40	34
34	27
36	29
33	29
33	29
37	31
37	31
26	22
35	27
35	29
36	30
33	28
32	27
24	21
31	23
34	27
30	25
18	17
34	30
38	30
29	25
26	22
25	21
34	29
39	30
32	27
27	23
35	30
35	28
35	30
34	29
31	27
38	31
31	26
30	26
32	29
29	26
34	26
35	28
28	25
31	27
24	16
33	28
26	23
30	25
31	17
22	18
32	27
33	29
36	31
29	24
28	24
28	25
35	30
32	28
34	26
30	26
32	27
37	31
32	26
31	23
32	23
28	24
32	26
26	22
28	22
35	27
33	26
33	29
34	28
34	28
24	19
27	22
37	31
26	22
30	26
33	29
32	29
31	29
31	25
36	31
29	23
31	25
29	25
23	20
18	17
32	27
26	21
31	26
32	22
21	19
31	28
30	26
19	15
30	26
34	29
32	22
30	26
29	23
14	12
23	19
19	17
27	22
31	27
30	25
18	15
30	23
25	21
32	25
30	26
26	23
28	26
20	19
29	25
30	25
31	26
24	13
20	11
29	26
27	21
25	20
21	10
27	21
32	24
30	22
27	24
32	30
36	34
20	8
36	32
37	35
37	32
28	26
33	29
29	23
26	22
27	21
28	23
28	23
32	26
29	25
29	24
34	29
36	31
33	29
24	9
31	28
26	16
31	27
29	26
25	22
17	15
25	21
30	22
25	21
29	25
16	14
29	26
32	25
30	27
29	24
22	19
35	28
32	28
34	30
33	28
27	24
17	14
29	26
36	30
30	26
29	24
23	19
28	25
31	27
30	26
34	29
27	23
26	23
37	31
35	30
29	24
34	27
34	29
28	25
35	28
36	28
28	24
31	27
32	26
24	22
36	29
32	25
32	26
23	18
33	27
36	32
18	16
27	23
21	18
31	26
31	26
34	27
32	27
30	25
34	29
29	23
29	26
36	31
27	23
35	29
20	19
33	28
32	27
31	27
28	24
29	24
14	12
25	21
30	22
23	20
25	22
35	31
30	26
29	22
33	27
31	24
31	24
19	10
28	22
30	22
30	24
27	24
27	17
24	17
26	24
30	26
31	26
30	27
32	29
27	23
26	21
27	20
31	26
29	21
36	31
29	25
32	29
22	20
27	23
35	32
32	27
33	22
33	27
30	21
32	27
29	23
32	28
33	27
33	25
24	15
31	26
32	27
31	27
26	18
30	26
31	22
20	18
20	17
26	20
25	12
26	16
27	17
26	19
27	12
31	23
28	24
29	22
25	20
27	20
27	14
25	20
26	20
27	18
25	19
32	30
27	19
27	24
27	18
24	14
26	20
29	25
23	14
24	19
26	19
23	10
19	6
30	28
27	23
28	25
26	22
28	23
31	26
31	24
27	21
30	23
28	19
25	20
26	20
24	20
27	23
27	24
28	19
28	23
24	20
26	23
30	25
29	25
29	21
30	23
26	20
28	24
25	16
29	20
32	29
33	31
23	13
30	24
24	13
38	33
28	26
32	27
30	26
32	29
32	29
32	28
30	27
27	24
34	29
32	30
28	25
32	29
34	30
34	29
19	17
25	23
32	29
24	22
32	28
30	27
29	27
33	26
29	24
30	27
27	24
29	27
29	25
29	26
28	24
27	24
30	28
25	21
30	24
29	21
27	20
32	27
29	25
29	25
23	20
29	25
31	26
27	23
30	22
31	26
34	30
35	29
33	30
32	29
31	27
33	28
31	28
25	22
30	24
27	22
34	30
32	26
27	19
24	21
32	27
34	28
33	27
31	28
23	21
21	19
35	32
32	28
36	32
29	24
32	26
30	27
33	23
19	18
37	29
30	27
36	31
31	27
27	24
37	31
34	28
38	33
33	23
36	31
31	26
33	30
34	29
33	28
27	17
18	6
33	27
36	31
32	27
33	27
33	28
33	30
40	34
32	28
27	23
33	30
31	22
37	32
35	28
39	32
41	36
36	29
36	31
30	23
32	28
32	28
36	32
36	32
24	22
15	14
33	30
38	32
41	35
37	33
18	17
25	22
29	25
37	32
30	26
19	17
34	31
34	29
34	29
36	32
19	17
37	30
34	28
31	27
31	26
20	17
20	18
39	33
39	34
30	27
38	32
34	26
32	26
30	25
39	31
34	30
35	29
28	24
27	25
35	25
35	29
30	26
32	27
40	36
28	26
21	19
30	25
35	31
34	27
40	35
21	19
29	25
36	31
41	30
39	33
32	28
29	26
32	28
34	26
27	25
32	26
34	29
24	19
28	25
33	30
33	26
32	29
32	28
26	24
31	27
35	31
25	22
29	26
38	32
29	23
37	31
34	30
31	26
34	27
34	28
38	32
31	27
32	27
30	26
39	33
21	20
34	29
38	27
39	31
34	29
34	29
18	16
29	26
36	28
39	34
37	33
25	22
30	27
38	31
34	30
28	24
31	27
31	27
12	11
26	20
39	33
34	30
34	19
28	22
30	28
31	26
33	30
32	27
32	28
26	24
36	31
34	27
34	29
37	31
32	23
31	27
35	27
35	26
33	29
34	27
33	29
33	25
34	28
28	25
31	26
30	21
31	27
24	21
29	26
32	27
30	26
30	25
36	32
29	25
32	25
29	25
30	24
27	22
32	27
28	25
27	23
26	21
19	3
29	25
30	27
30	26
30	25
28	26
30	26
30	27
31	25
29	24
31	27
34	29
28	22
33	28
32	28
30	26
32	29
29	25
31	27
30	25
20	16
32	28
30	25
29	22
33	28
30	25
29	26
28	23
32	25
32	23
35	30
29	26
29	19
32	26
30	24
29	25
33	29
28	23
33	28
31	27
32	28
33	25
31	27
31	26
32	28
32	25
29	24
30	26
31	28
30	26
33	30
32	26
28	25
30	25
30	25
31	27
26	23
28	24
27	23
34	31
19	18
31	28
29	24
30	25
28	24
29	24
33	27
28	24
28	23
24	17
29	24
28	24
27	22
26	23
24	18
23	19
26	22
20	12
26	17
26	21
24	18
20	17
26	20
25	19
20	13
22	18
24	22
25	23
21	19
24	22
25	21
24	21
26	19
26	22
25	19
27	24
26	22
26	21
27	22
19	6
20	13
27	25
26	22
28	22
27	20
26	22
24	18
28	24
14	5
34	30
32	27
32	30
32	30
33	30
40	37
35	31
37	34
35	32
24	15
20	15
23	14
26	23
25	16
25	21
28	22
26	18
28	24
25	20
27	17
26	23
23	20
17	15
26	22
28	20
24	20
24	21
19	8
29	19
25	22
26	21
26	20
27	21
23	16
19	17
22	15
20	11
29	26
26	23
24	21
25	20
23	16
22	12
28	21
26	13
31	28
28	23
30	28
25	23
29	25
30	28
27	24
26	22
26	22
21	17
28	24
27	23
25	22
28	22
19	13
21	17
23	18
23	19
25	22
16	7
23	11
26	23
26	19
24	21
26	22
25	23
26	22
24	15
27	21
22	19
25	21
24	20
23	20
28	25
17	5
27	20
25	21
23	18
21	18
25	17
26	21
27	23
20	14
23	21
22	20
25	22
24	22
20	18
23	19
19	16
23	20
24	21
16	13
13	6
24	23
27	25
19	18
18	16
19	18
20	17
15	13
14	12
21	14
20	17
14	6
21	19
18	16
22	21
20	19
17	15
13	12
16	14
16	14
15	13
22	19
20	17
21	16
24	19
13	10
25	19
27	21
15	13
23	20
23	20
20	17
21	18
20	17
24	21
28	24
28	23
22	18
25	20
25	21
21	18
23	18
25	21
29	23
25	20
23	18
15	13
25	19
26	22
30	23
16	9
21	13
22	19
23	19
20	17
18	16
17	15
17	14
18	16
15	12
19	15
23	17
21	17
14	7
22	17
27	23
19	16
18	16
17	13
16	12
25	21
13	11
16	12
15	8
21	19
21	20
24	22
19	18
17	14
18	14
13	11
17	14
19	14
10	9
17	13
21	17
18	14
17	14
15	12
16	13
19	16
17	14
18	15
14	12
20	17
17	12
17	15
8	4
17	14
15	13
10	8
10	9
13	11
15	12
9	8
13	9
18	14
13	10
16	12
14	12
16	12
15	11
13	11
17	14
16	14
14	11
10	7
13	11
16	14
25	20
20	16
19	16
22	18
15	13
23	18
21	18
20	17
21	16
23	19
13	8
20	17
27	21
20	17
17	14
15	12
13	9
11	10
14	12
13	12
15	12
12	7
15	13
22	19
12	10
12	10
11	9
9	7
13	10
7	6
9	8
8	2
6	5
20	18
15	13
18	14
16	13
11	9
11	8
12	10
12	9
11	8
9	5
15	12
14	11
12	10
9	8
9	7
13	10
13	12
12	9
7	6
16	13
9	5
18	15
17	14
23	20
19	16
17	15
26	22
16	14
13	11
22	19
15	12
19	17
27	20
30	23
23	18
27	22
25	19
13	10
22	19
19	15
17	14
19	17
21	17
19	17
20	17
21	17
25	21
27	20
15	9
18	16
24	18
23	18
26	19
20	15
15	13
11	7
21	17
20	16
15	11
12	11
10	9
14	11
18	13
13	10
12	9
11	9
23	19
8	5
26	23
11	10
12	11
10	8
8	7
14	11
17	13
21	18
16	13
9	6
16	14
9	3
17	15
18	15
58	42
70	48
23	21
17	16
14	12
19	16
17	14
21	17
20	16
13	8
19	15
12	9
16	14
13	12
11	9
17	15
16	12
18	14
17	13
10	5
13	10
18	15
10	8
15	12
18	14
18	15
13	11
17	14
16	13
12	8
13	11
8	6
10	8
13	11
12	10
14	12
17	14
13	11
10	9
8	2
15	13
17	16
20	19
21	19
25	22
27	23
21	18
21	18
14	12
11	10
22	18
25	19
22	19
24	20
32	24
27	23
21	18
17	15
20	16
17	11
25	20
29	24
28	21
27	23
17	14
22	18
21	18
25	24
25	24
24	23
13	6
14	12
17	13
12	11
15	12
15	13
14	12
11	7
14	13
21	20
22	20
23	21
22	21
26	23
19	17
23	19
23	19
20	17
23	19
14	5
30	24
24	18
26	22
27	21
25	20
29	26
26	21
26	22
25	19
26	24
27	23
24	22
26	24
22	21
27	24
27	24
21	11
27	26
25	24
23	16
27	24
26	24
31	27
27	22
29	27
21	10
26	24
28	26
33	31
16	6
24	16
26	20
25	22
27	23
31	25
27	24
29	24
25	21
25	22
27	21
23	18
21	18
19	12
25	21
25	21
26	21
21	17
21	18
15	13
25	20
20	17
18	16
22	19
23	19
17	14
13	11
15	12
15	12
16	14
18	15
17	14
13	11
13	10
16	13
16	14
9	5
11	5
20	15
13	10
13	10
15	13
13	11
11	10
14	11
14	12
18	16
19	17
12	8
19	16
16	13
14	11
15	12
15	13
16	13
13	9
10	8
15	13
15	12
17	14
16	14
14	11
8	3
13	12
19	15
12	10
11	9
13	11
13	11
12	11
12	11
14	13
13	10
10	9
9	5
15	11
10	8
14	9
10	8
8	7
13	10
12	10
8	7
11	9
11	9
7	5
5	3
8	7
15	11
6	5
15	12
14	9
8	6
12	11
10	8
9	7
9	9
13	10
5	4
10	8
11	9
8	6
8	7
12	10
14	10
8	4
8	8
13	11
15	12
12	10
15	11
8	6
10	7
17	13
12	11
13	12
14	12
19	18
12	10
12	12
15	14
4	1
10	8
13	8
10	8
9	8
13	10
12	10
17	15
14	11
13	11
22	20
17	14
9	4
15	13
15	11
11	10
13	12
10	8
11	9
10	9
10	8
13	11
13	11
12	10
14	13
18	17
12	11
14	13
9	3
23	20
21	18
17	14
13	11
14	12
12	11
12	11
17	15
18	16
12	8
11	7
10	9
12	10
15	12
8	7
13	11
13	10
19	15
16	13
13	11
16	14
13	10
16	14
16	15
16	14
16	15
17	14
10	4
12	11
14	13
16	12
13	10
12	10
13	11
13	12
13	12
13	12
15	14
13	12
9	9
7	4
14	10
14	10
11	8
10	8
5	5
11	8
12	10
12	11
12	10
7	6
5	2
11	9
11	8
10	8
10	8
9	7
15	11
12	9
9	7
8	7
9	7
14	12
7	4
6	4
9	7
13	12
6	5
11	9
10	8
19	16
8	5
7	4
8	7
10	8
13	8
14	11
11	8
8	6
6	4
13	11
13	11
13	10
15	13
15	13
17	13
15	13
20	17
16	14
10	6
17	15
20	16
9	8
8	6
12	8
12	10
15	11
12	10
16	12
9	8
13	11
9	9
15	14
12	11
6	5
3	1
12	9
12	9
10	7
8	7
9	7
10	9
12	11
14	12
14	12
16	15
20	18
8	8
10	4
15	13
15	12
17	14
10	9
11	10
12	11
8	7
12	10
12	9
13	11
14	13
20	19
18	17
18	17
16	15
10	5
22	18
20	17
19	15
13	11
16	14
13	11
14	11
18	15
14	12
16	6
22	18
30	24
23	19
20	18
25	22
26	21
20	17
23	20
24	20
27	22
22	17
26	20
29	25
19	13
20	19
27	25
31	28
31	24
28	25
27	23
25	21
19	12
25	21
24	18
26	21
25	22
24	20
24	20
24	20
19	10
24	21
23	18
19	10
20	17
21	9
26	20
16	13
24	19
23	17
22	19
28	25
26	22
27	19
23	19
30	27
29	24
31	25
15	6
30	22
30	26
28	22
31	25
31	28
27	22
30	25
32	28
27	22
28	24
26	24
29	26
28	23
22	12
30	26
29	25
32	29
31	28
31	25
30	20
35	30
29	25
28	22
28	24
25	18
20	3
23	10
25	19
27	14
22	20
25	20
27	23
25	18
27	23
26	21
23	21
25	20
22	17
25	20
25	20
26	20
27	22
26	20
29	21
24	19
28	23
28	22
30	26
31	26
25	21
28	23
29	25
26	22
29	22
28	23
27	24
28	25
30	24
25	22
28	24
30	26
29	25
26	20
30	21
33	29
28	25
27	24
28	24
31	27
32	29
30	23
36	33
38	35
32	27
29	26
20	18
29	24
30	26
30	26
29	27
32	28
31	28
30	25
30	24
32	28
34	28
26	17
29	24
31	25
30	27
22	17
26	23
30	22
22	21
30	24
33	29
35	31
32	26
31	24
29	23
30	24
26	22
32	26
30	21
33	28
27	18
30	27
29	25
30	22
32	28
33	29
32	28
32	26
34	30
32	27
33	28
27	23
33	27
29	24
21	18
17	15
29	25
26	17
29	21
32	27
32	28
23	21
31	22
30	24
31	26
34	27
33	25
36	31
31	25
33	27
28	19
29	26
31	20
33	23
30	24
30	25
30	26
30	25
29	22
29	24
28	23
28	23
27	24
29	26
26	23
29	26
27	23
27	22
29	25
29	25
31	23
27	21
19	9
30	26
28	23
30	26
30	22
20	12
29	21
31	23
30	27
31	26
32	27
31	25
26	17
26	22
30	20
34	30
31	26
25	22
31	27
33	28
29	22
29	21
32	20
33	28
28	25
34	28
36	30
33	23
33	28
35	31
26	20
31	27
30	21
26	23
28	25
28	24
33	28
32	24
30	24
28	22
32	28
29	23
33	29
34	28
31	27
35	26
33	24
30	19
29	25
30	19
32	28
32	29
31	21
37	32
22	20
28	22
30	24
33	29
35	27
34	30
33	26
37	31
32	27
31	24
30	25
28	7
35	27
25	17
32	28
32	23
29	24
31	26
28	17
26	20
27	17
25	21
34	30
30	25
29	22
33	29
27	25
31	26
22	21
27	21
30	24
29	25
28	24
25	19
30	23
28	25
25	18
30	26
22	7
15	2
28	18
33	23
27	24
31	22
30	23
21	17
24	18
23	20
29	23
32	28
31	28
32	28
28	22
32	26
25	17
28	20
26	22
28	24
33	27
27	25
30	26
34	18
33	25
30	25
27	19
33	29
29	26
32	28
27	23
29	21
29	24
32	24
33	20
34	29
21	20
29	27
33	29
34	30
26	22
31	25
35	31
31	28
31	25
32	26
31	27
30	28
32	27
29	23
29	23
29	25
35	31
32	27
32	27
33	28
29	26
22	17
33	26
33	25
31	23
29	24
33	27
32	25
30	21
32	25
32	28
32	27
33	29
31	28
29	26
34	28
30	23
36	28
32	27
32	26
31	28
30	25
33	28
32	25
33	28
36	30
36	29
15	14
32	27
31	27
16	13
33	27
33	29
34	29
35	29
31	26
25	21
34	29
33	28
36	28
34	29
34	25
31	28
30	26
24	21
30	24
30	24
30	25
29	22
31	25
35	26
26	20
32	28
28	25
27	20
29	25
31	26
29	22
32	28
26	23
22	20
28	24
29	26
27	24
30	25
24	20
22	19
27	24
24	19
24	16
23	18
25	16
25	20
27	21
21	12
24	14
26	23
25	18
23	16
25	22
24	19
23	16
23	20
25	23
27	25
24	22
22	11
27	24
29	23
27	21
27	22
27	21
27	17
23	20
27	23
24	21
26	23
26	17
25	21
25	20
25	21
23	17
25	21
31	25
31	26
29	24
37	32
36	31
28	22
26	23
29	24
29	24
28	22
27	22
32	27
26	20
28	22
28	22
28	23
30	23
27	17
27	21
30	25
27	21
24	19
24	16
24	22
27	20
24	18
29	24
26	22
25	21
29	24
28	23
25	16
27	20
26	19
28	23
26	21
27	18
28	17
28	24
29	24
26	21
27	23
27	20
23	17
24	16
24	21
15	13
32	24
29	23
32	26
32	26
28	20
33	28
34	28
31	24
33	28
31	24
26	23
31	28
33	30
25	8
27	8
29	22
29	21
28	24
30	26
28	26
31	28
31	26
33	29
32	24
30	23
28	21
29	18
27	16
30	24
32	26
27	13
28	20
31	27
27	21
32	27
31	24
31	25
32	27
30	26
29	19
31	23
32	24
32	24
32	26
29	22
29	25
28	22
30	27
26	20
30	20
25	21
26	21
28	24
28	23
17	6
28	24
25	18
27	24
27	24
28	25
27	25
24	20
26	22
29	24
25	20
27	21
30	25
27	22
30	25
29	26
24	21
26	19
31	25
28	22
29	25
28	24
21	17
31	28
32	28
25	21
28	24
29	24
30	27
30	26
35	26
32	26
29	24
30	24
29	25
30	25
33	28
34	23
33	28
31	26
33	27
35	30
31	24
33	28
23	15
31	26
35	30
32	28
31	26
31	27
29	23
31	27
31	26
27	23
30	26
35	28
34	28
32	25
27	24
28	24
25	21
35	29
36	28
33	25
34	27
26	17
26	23
29	22
30	24
29	26
30	26
34	29
35	29
31	26
32	27
28	25
24	21
29	24
31	27
29	25
30	24
29	26
24	22
34	30
34	30
32	26
32	27
37	32
36	31
24	21
33	29
27	23
34	27
31	26
31	26
20	11
29	25
28	26
22	9
31	28
27	25
30	27
35	31
28	24
27	23
30	25
28	24
30	23
23	20
33	28
32	28
23	21
30	26
30	23
23	11
29	25
28	22
25	23
25	21
31	25
33	24
28	23
30	25
30	26
31	26
30	25
32	27
32	25
29	22
27	21
27	22
27	20
30	26
22	10
26	22
30	25
29	24
23	20
29	24
32	28
28	26
36	33
23	13
25	20
25	17
31	26
28	25
33	26
31	26
33	29
31	26
30	20
30	24
32	28
28	25
32	28
25	15
26	16
32	27
32	26
29	21
34	30
19	9
28	19
27	23
31	23
33	28
28	23
31	28
32	28
20	13
36	33
25	11
33	29
28	24
36	33
32	30
34	28
36	23
32	27
37	34
30	28
37	31
30	27
31	28
28	25
31	27
31	28
33	28
29	23
30	23
35	31
31	28
28	25
30	27
33	30
28	17
30	25
29	26
29	23
35	32
20	11
29	18
35	28
29	23
28	21
30	24
30	26
29	24
27	25
35	30
30	25
31	21
19	9
31	24
27	23
30	26
31	25
27	21
30	24
27	21
30	24
31	25
29	22
32	27
29	22
32	28
28	22
28	22
31	26
29	21
28	22
25	22
26	23
30	25
25	21
27	20
33	30
34	28
27	24
29	24
31	26
30	26
30	26
14	6
35	29
24	21
28	23
18	15
34	28
29	24
31	26
34	28
31	25
29	25
32	26
28	24
31	26
34	28
32	27
17	14
27	22
29	25
28	23
34	30
31	26
19	17
32	27
34	28
27	20
29	19
25	22
32	28
31	26
33	27
28	23
31	26
30	27
29	23
26	15
31	26
32	27
31	26
33	27
31	27
31	26
31	26
31	27
29	19
17	10
32	29
34	30
31	28
32	27
23	19
27	24
26	20
25	20
28	18
28	20
27	23
31	25
19	7
37	33
35	32
29	23
26	22
26	21
29	22
27	19
26	15
27	20
25	18
26	20
28	21
26	20
28	23
24	16
29	19
29	23
28	22
22	13
27	24
26	19
22	16
28	23
29	21
25	21
26	22
25	13
27	23
26	21
22	18
27	23
28	23
29	19
31	27
27	13
24	18
26	22
24	17
24	14
27	24
22	18
26	21
27	17
29	19
28	22
33	24
23	12
31	23
27	25
25	21
19	17
31	26
39	30
29	24
19	17
35	28
26	24
31	27
32	28
29	21
33	28
35	28
36	29
34	25
33	27
37	29
32	28
35	31
28	25
28	20
27	24
36	28
36	32
38	34
36	32
32	20
28	24
34	29
21	20
31	28
25	22
32	24
25	21
36	30
36	32
33	30
34	30
34	32
34	30
32	29
30	26
26	22
22	19
35	30
35	30
32	29
26	12
36	26
36	31
15	2
23	2
34	25
34	27
25	21
29	25
32	27
22	20
31	28
31	25
32	25
34	30
28	25
30	27
36	30
39	34
37	32
36	32
32	27
33	29
35	30
36	30
33	29
35	30
33	28
38	29
32	25
32	26
38	33
31	27
32	27
29	25
31	26
35	31
26	19
33	30
35	30
36	32
35	30
37	33
36	28
29	26
39	34
39	33
32	29
34	30
36	31
34	29
36	30
34	27
30	27
34	30
31	26
35	31
35	26
38	33
32	27
32	21
38	31
39	34
38	29
36	28
37	32
35	27
35	31
29	25
33	24
25	21
31	26
33	22
35	24
35	26
36	32
35	28
35	29
35	30
33	25
35	30
23	21
34	29
36	33
33	27
35	25
32	28
37	29
34	30
36	29
35	27
35	25
35	31
34	28
31	28
33	27
32	28
28	24
17	8
31	26
30	26
29	25
28	24
30	27
36	31
28	26
32	27
34	28
35	23
30	26
32	26
29	22
18	7
38	32
34	31
36	32
31	29
39	36
37	34
35	33
30	28
36	34
35	32
29	25
32	27
28	22
30	21
27	22
29	25
35	32
32	27
35	27
34	30
24	22
34	29
20	19
33	26
37	31
32	27
32	27
32	27
32	27
31	27
22	19
35	31
29	25
38	32
36	31
34	28
33	26
33	29
35	31
20	18
33	29
32	28
32	29
33	29
37	33
31	28
33	30
32	29
20	10
37	30
36	30
31	25
32	27
32	28
29	27
32	28
34	28
33	29
34	28
37	29
33	29
34	31
34	28
37	31
31	27
35	31
35	31
31	27
34	30
27	22
30	27
34	29
29	26
26	22
27	24
10	9
26	23
33	26
34	25
26	22
21	18
20	17
34	29
29	25
32	16
19	18
35	29
33	27
33	27
34	26
27	22
33	28
34	27
32	26
30	22
30	25
32	29
28	25
30	27
22	10
33	28
32	26
33	24
33	27
28	24
21	19
34	30
33	30
33	31
30	28
22	7
29	26
30	28
30	28
30	28
25	14
32	26
34	31
31	29
36	30
31	26
30	26
30	25
16	13
35	30
32	26
33	17
34	30
29	25
21	19
36	31
32	29
21	18
23	12
33	28
36	32
23	21
34	28
32	28
31	27
37	32
34	30
33	29
28	25
33	28
33	28
32	29
38	35
32	22
36	32
36	31
37	32
34	30
35	30
35	30
34	30
25	23
31	28
28	25
35	31
34	28
32	25
29	22
35	28
29	24
34	28
35	24
33	24
36	31
29	25
38	33
39	34
32	28
36	31
41	33
34	30
28	24
34	28
33	26
39	35
36	32
39	32
39	34
33	29
38	34
37	33
37	28
35	31
37	29
34	27
16	14
33	29
31	26
32	26
32	29
37	30
36	29
35	31
39	33
33	30
36	29
22	21
36	31
35	30
38	34
25	10
39	31
37	32
37	33
37	33
33	30
24	20
35	29
37	29
16	15
22	19
26	23
35	31
38	29
36	31
37	32
38	29
37	30
42	35
41	35
34	29
38	32
39	33
33	25
32	25
35	30
18	16
34	28
34	30
37	31
37	34
37	32
37	32
37	33
40	26
33	23
37	31
35	31
36	30
37	30
27	23
27	24
35	30
26	23
35	32
39	35
36	31
29	26
37	30
37	31
26	24
32	27
32	29
29	24
35	30
33	27
31	27
22	20
37	31
36	31
33	29
38	33
36	32
30	25
32	29
41	34
37	32
28	19
35	31
28	24
34	30
38	27
34	28
31	26
27	24
40	33
40	34
30	27
32	14
32	29
37	32
38	35
33	30
40	36
33	30
35	31
33	30
37	30
37	29
35	30
35	32
33	29
33	30
25	22
17	16
39	34
36	31
22	19
36	32
34	31
35	30
35	28
37	29
33	26
39	33
36	31
42	37
35	30
38	34
30	25
31	27
35	30
29	26
35	31
36	31
32	28
34	30
36	31
36	31
33	30
38	28
40	32
34	27
42	37
30	24
32	28
37	31
34	29
38	29
37	28
36	31
41	37
38	33
35	24
33	26
36	25
33	30
29	27
31	27
34	26
27	20
23	20
20	18
31	27
37	30
33	28
35	32
34	27
33	28
30	19
37	30
30	24
38	33
40	34
41	35
30	27
37	33
33	29
33	30
35	30
31	28
35	31
33	31
30	27
21	19
36	30
34	30
26	12
35	17
33	30
36	33
34	27
36	31
33	27
38	31
36	26
29	22
39	33
34	32
30	26
32	28
15	14
36	23
32	29
37	33
26	25
37	34
30	26
24	18
30	28
34	31
34	31
32	23
36	27
35	25
29	25
34	30
35	26
36	32
35	29
40	35
37	33
32	28
35	31
33	30
35	30
34	31
39	32
35	31
33	29
27	25
38	29
40	34
37	33
31	28
36	30
37	31
37	32
35	31
36	32
38	22
31	27
36	30
38	32
33	27
38	34
21	19
38	33
36	30
30	27
38	33
26	24
37	28
19	18
30	28
35	31
32	25
32	24
35	30
33	25
28	24
34	24
34	24
22	19
24	21
32	29
26	23
33	26
33	28
34	29
36	31
32	29
22	19
35	31
36	27
37	32
39	26
35	30
38	31
34	29
26	23
34	25
36	31
38	28
33	20
32	29
30	26
39	32
36	30
34	28
35	30
30	25
29	25
34	30
30	25
32	28
34	30
32	28
37	30
29	27
26	23
33	28
32	23
33	26
28	23
32	21
27	25
33	23
29	25
31	21
25	22
30	22
34	29
18	8
34	26
33	29
35	31
34	30
32	26
34	30
32	29
30	26
31	28
29	14
34	31
32	29
34	27
29	24
25	23
31	28
32	27
33	30
21	9
32	29
28	22
32	22
32	28
30	26
27	23
30	27
30	24
32	29
30	22
31	27
34	26
30	28
34	31
29	24
31	26
34	29
22	20
33	27
33	27
35	23
20	8
32	27
31	23
31	21
32	25
34	27
33	25
34	26
35	32
34	29
34	28
35	30
32	26
32	26
35	28
32	27
31	27
31	28
38	33
36	33
33	29
32	27
35	31
32	29
35	31
32	27
31	26
32	26
34	30
32	28
32	28
33	29
35	28
35	31
33	25
31	16
27	24
30	26
31	27
30	20
29	25
26	23
32	29
27	25
28	25
24	21
33	27
30	26
33	30
29	25
32	28
31	27
35	27
33	30
34	23
31	23
27	22
30	27
21	14
33	30
32	29
29	24
29	25
31	29
30	25
30	25
33	28
34	29
37	33
33	28
29	25
33	27
38	34
31	26
31	26
34	28
33	28
39	34
30	26
33	28
39	33
31	26
18	17
18	15
29	26
37	32
38	17
37	26
36	32
39	33
30	24
33	25
27	25
26	24
25	22
32	29
37	30
35	27
35	27
36	28
40	34
38	32
36	25
35	29
32	15
34	28
27	24
34	27
35	28
35	30
36	32
32	24
32	21
34	26
39	33
36	32
34	30
37	32
37	33
40	33
37	21
35	27
34	27
31	27
36	30
37	32
39	32
32	27
32	24
32	26
31	26
36	29
35	28
31	26
32	26
30	28
36	32
22	18
33	27
35	30
36	26
31	27
35	31
31	26
38	33
34	30
32	29
33	28
35	30
35	29
36	26
33	28
38	30
18	15
28	23
34	30
32	28
32	28
31	26
37	31
29	25
33	28
33	29
38	31
22	20
28	25
36	29
34	30
27	23
35	22
25	22
25	22
31	28
38	34
37	32
40	35
38	35
41	34
34	28
31	27
12	11
33	28
27	23
33	29
34	28
31	28
35	30
33	28
32	28
28	23
32	29
20	16
31	26
37	31
35	31
33	28
36	33
35	31
32	25
28	25
28	26
37	31
38	34
32	28
28	25
35	31
35	30
32	28
39	33
26	22
25	23
33	29
16	15
31	27
38	31
22	20
31	28
34	29
23	19
37	32
30	25
38	32
20	18
35	30
34	28
32	29
30	26
33	30
36	32
33	28
22	20
31	28
32	27
25	22
22	20
33	29
35	32
38	31
19	17
31	27
35	24
37	32
34	30
16	15
35	30
37	32
28	25
35	31
34	30
34	29
38	33
30	27
37	30
37	30
39	31
36	30
30	28
32	28
36	31
23	21
38	30
40	33
34	30
42	34
32	28
35	31
37	32
41	33
39	34
34	31
32	29
30	25
34	30
27	24
37	32
34	30
33	26
32	27
36	29
35	29
35	30
36	31
43	34
38	33
32	25
38	31
36	32
33	29
33	29
31	29
17	15
37	32
37	30
32	28
32	28
34	27
39	30
33	29
35	30
31	27
39	32
32	26
38	31
35	29
35	30
33	29
22	19
37	32
36	32
33	26
33	28
35	31
27	23
31	27
34	29
30	27
35	31
35	30
28	24
39	32
41	35
23	20
29	27
10	10
30	26
33	29
35	30
33	29
33	30
31	25
20	18
29	25
35	29
34	27
35	29
36	32
31	27
36	28
35	29
31	26
36	27
35	29
35	28
38	33
29	23
32	28
32	24
38	33
27	22
25	22
35	30
13	12
25	21
23	19
25	21
30	26
36	29
28	24
30	28
30	25
31	22
33	29
21	19
34	30
37	32
34	30
30	23
30	26
22	19
34	28
34	28
18	17
36	29
31	22
33	23
32	27
24	14
19	9
19	11
18	17
28	23
27	22
20	9
29	27
30	26
31	30
34	31
34	32
18	7
30	14
33	21
38	33
30	27
29	19
32	21
29	22
32	23
32	26
33	23
29	14
36	31
36	28
29	20
34	27
22	15
31	20
34	25
30	22
35	25
32	23
35	25
35	27
33	29
33	28
40	35
35	30
30	24
29	23
21	18
36	29
27	22
21	18
34	31
21	18
31	28
26	22
23	20
17	13
29	26
17	15
28	22
31	27
26	24
16	15
20	18
20	17
35	31
35	31
33	29
28	22
31	24
31	26
31	28
30	28
34	28
37	32
34	29
36	33
31	28
29	24
34	31
34	32
33	31
35	31
33	27
35	30
33	29
32	25
32	26
31	26
28	20
33	28
33	26
21	9
32	27
31	26
32	29
34	28
35	30
32	26
36	31
33	28
33	28
31	25
34	25
22	19
32	27
30	26
29	25
34	29
34	29
22	20
36	31
35	28
35	27
12	11
28	22
30	27
35	29
30	27
38	31
38	33
24	22
30	25
29	24
32	26
29	25
32	28
33	29
37	33
34	27
26	22
33	26
27	24
34	29
34	28
34	24
39	34
41	37
34	31
33	28
30	27
33	19
26	23
29	24
34	27
29	27
33	27
36	30
24	22
32	29
33	28
34	28
36	26
30	25
34	28
38	33
38	33
36	32
33	29
39	32
30	26
31	26
18	16
29	26
37	33
36	31
32	29
35	30
35	24
36	32
33	30
35	31
37	33
33	29
36	33
36	27
38	34
34	27
34	29
34	26
6	5
29	23
39	30
40	35
32	27
28	25
31	28
35	26
38	30
15	13
33	28
34	29
31	21
38	31
35	29
34	29
35	31
37	31
35	25
34	30
21	19
28	25
33	28
34	29
34	27
33	29
34	29
36	30
30	26
31	26
21	19
28	24
15	13
26	21
30	26
38	31
34	30
35	29
39	33
33	29
32	28
38	31
35	27
32	29
26	15
30	26
35	27
36	31
36	32
33	30
26	24
31	29
33	29
35	29
40	31
36	31
37	31
34	27
34	29
34	30
34	29
35	28
37	33
30	27
39	28
30	25
32	26
29	26
32	22
35	28
37	32
36	30
36	29
40	35
41	34
32	29
39	36
34	28
37	29
33	31
33	26
36	30
35	33
34	26
39	32
38	33
19	6
34	24
37	32
26	23
32	29
39	34
33	28
40	35
34	31
36	31
39	33
35	31
36	33
33	29
40	35
40	35
32	28
34	29
32	28
32	27
37	31
31	27
26	24
39	34
33	30
33	30
38	32
31	27
39	34
34	27
37	32
33	29
34	31
32	26
34	28
36	19
30	27
38	34
33	28
32	28
34	29
40	33
33	29
33	28
34	29
36	30
36	31
16	14
38	34
31	29
35	30
27	23
20	18
39	33
22	20
31	28
30	28
35	29
41	37
36	28
33	28
39	35
31	27
40	32
27	24
41	32
39	32
41	36
33	28
34	30
35	31
27	24
32	28
39	33
30	25
39	32
35	31
33	30
35	28
30	26
30	27
30	27
33	29
30	26
42	36
33	29
35	28
29	25
38	32
38	31
22	19
37	32
34	32
34	28
38	33
37	32
33	29
32	29
37	30
31	27
29	25
32	27
33	29
35	31
31	27
19	16
31	28
31	28
32	27
31	28
31	27
32	26
29	27
31	28
29	25
40	31
35	29
31	28
23	20
32	27
38	32
36	31
29	26
28	26
23	20
35	29
36	32
39	34
35	29
37	31
40	36
36	32
26	22
34	29
38	32
31	27
30	26
33	29
31	28
38	33
34	30
42	31
36	32
27	22
22	20
30	27
30	27
38	25
38	31
32	27
33	30
35	30
32	29
18	16
32	28
31	27
36	32
34	28
36	30
26	24
34	30
18	16
30	25
31	27
35	29
34	28
35	32
27	24
25	22
35	29
23	19
28	25
15	14
32	26
22	20
30	27
35	29
39	33
40	33
32	27
33	25
34	29
35	28
39	30
37	31
26	21
27	22
34	30
39	35
36	32
39	33
43	36
27	24
34	31
37	32
36	30
33	28
29	25
33	27
36	31
42	36
39	31
31	28
22	20
36	31
34	30
32	22
24	20
34	29
32	25
19	16
32	27
32	27
37	33
41	27
36	28
35	29
30	26
29	26
32	28
27	24
36	32
33	29
36	32
24	22
32	29
18	15
43	37
38	33
38	29
29	25
22	19
26	23
29	26
24	22
28	25
40	31
35	29
17	14
32	29
21	17
21	19
30	26
28	24
20	17
19	17
22	20
29	24
38	31
25	21
27	25
31	26
35	30
21	18
22	20
35	27
29	2
15	0
30	1
21	6
33	28
37	32
30	26
32	28
33	28
36	32
35	29
35	20
28	25
25	22
31	26
15	13
26	22
29	26
30	27
28	23
26	23
33	30
34	29
18	15
25	22
37	29
34	30
35	27
33	29
35	30
35	31
29	26
28	25
18	17
37	32
37	33
37	32
34	27
39	28
39	32
26	24
25	23
30	27
30	26
34	27
33	25
37	27
32	28
33	29
35	31
34	29
39	34
40	32
34	30
38	31
37	33
29	26
37	23
37	28
43	30
41	31
32	28
39	32
34	30
31	28
31	28
30	27
33	29
32	27
36	31
37	27
39	26
34	30
40	33
36	15
33	12
26	23
41	37
37	31
40	31
31	26
42	31
41	14
40	36
31	28
30	26
30	26
17	15
30	27
35	29
36	30
33	29
39	26
39	30
37	31
30	27
30	22
32	27
35	27
38	33
37	32
34	31
33	31
18	17
35	31
36	32
40	32
36	31
32	29
28	26
41	37
35	30
31	27
36	29
34	30
33	29
38	30
32	21
31	26
34	30
34	28
21	18
33	25
31	26
33	28
33	22
30	27
18	10
33	28
33	28
35	29
27	24
25	20
36	26
35	27
30	25
32	24
25	22
35	32
30	23
35	31
27	26
33	30
36	26
33	28
34	29
34	27
37	31
35	28
32	28
32	22
31	28
28	20
30	25
26	24
34	29
32	28
31	21
35	31
32	24
37	25
33	23
31	20
33	15
30	26
30	24
31	24
30	24
27	22
35	31
35	28
31	24
33	27
33	26
30	19
31	28
30	27
30	26
29	25
28	23
35	19
33	24
31	20
23	20
30	27
33	29
31	28
36	30
34	28
36	31
34	22
32	28
24	21
18	16
14	13
29	24
27	24
24	8
33	29
36	33
31	22
31	29
36	34
30	27
32	29
32	29
34	31
33	29
31	29
26	24
29	26
17	15
27	23
27	20
34	29
28	25
28	23
28	24
23	21
26	22
29	23
26	23
20	10
35	32
30	29
38	33
37	34
36	32
34	31
36	29
32	24
32	28
15	5
26	22
28	26
28	25
26	22
30	27
31	29
31	29
32	30
34	31
33	31
32	29
31	28
14	6
29	21
28	19
27	23
26	19
27	24
26	24
28	24
27	24
32	29
31	29
31	28
30	23
31	28
30	26
21	11
30	26
28	26
25	14
31	23
31	24
30	25
31	25
32	29
28	25
29	26
27	24
27	17
32	29
30	29
31	25
32	20
34	30
34	32
22	20
23	21
36	26
34	30
13	12
33	30
22	21
29	25
25	22
29	24
30	26
33	29
32	23
32	28
29	25
33	29
32	27
28	25
25	21
32	25
30	24
29	23
28	19
29	19
31	28
28	22
27	23
25	18
28	22
32	29
33	27
35	25
28	22
34	29
14	4
40	38
35	32
37	34
39	36
36	33
37	35
34	32
28	25
29	26
29	11
30	27
34	28
31	24
32	28
29	25
29	26
33	24
28	24
30	19
30	19
33	29
30	24
26	24
28	25
33	26
35	30
30	19
30	20
30	21
29	26
32	28
28	25
30	17
26	21
30	24
33	28
32	27
28	25
29	24
29	21
29	23
30	26
29	21
30	26
35	29
36	32
35	28
36	32
36	29
25	23
32	27
34	25
33	19
33	27
32	27
33	12
35	27
36	32
35	29
35	31
32	24
35	25
30	26
30	26
36	31
28	25
29	21
32	27
29	26
28	26
25	22
30	25
34	29
20	5
15	5
35	24
34	29
32	27
31	18
33	26
31	27
29	19
33	24
36	30
34	26
32	27
34	28
36	29
34	30
36	30
34	27
32	25
34	29
32	22
40	34
34	31
37	31
33	29
35	21
36	32
36	29
37	29
29	23
36	33
35	29
34	24
34	31
31	21
33	28
34	27
35	28
31	18
33	23
36	33
36	30
35	29
33	26
35	27
35	29
31	28
34	31
32	28
32	26
33	28
31	17
31	20
32	26
30	26
30	26
36	27
31	27
33	24
29	21
30	21
34	30
34	26
35	28
30	23
34	27
34	27
35	23
31	25
33	28
33	26
36	31
32	24
30	21
31	23
29	24
33	28
32	28
32	26
32	20
31	18
32	25
22	14
31	27
29	25
27	18
25	22
28	23
31	25
32	28
29	23
33	31
26	16
27	22
28	24
27	12
23	10
29	24
34	27
30	24
30	27
31	24
29	22
27	24
24	16
28	24
32	28
23	13
28	24
31	20
31	27
27	21
21	16
32	26
32	26
22	20
25	20
28	22
29	25
28	23
29	23
29	25
30	26
31	27
32	23
27	22
29	24
29	24
31	27
29	23
26	20
31	27
28	25
27	24
29	26
26	24
28	24
30	26
15	12
22	19
30	28
20	10
25	22
26	23
31	28
24	11
21	16
7	3
20	17
7	1
22	20
29	27
31	28
18	17
26	22
18	11
27	23
25	21
27	21
26	18
27	24
31	27
20	7
24	20
26	23
27	25
32	30
27	26
34	32
33	31
35	28
27	23
30	27
30	28
15	6
30	25
27	23
32	26
29	25
31	27
29	27
32	29
30	27
31	26
16	4
10	9
0	0
0	0
0	0
0	0
0	0
9	0
0	0
0	0
0	0
0	0
0	0
0	0
0	0
7	0
22	21
24	22
24	23
21	20
25	23
33	29
28	14
26	23
26	23
28	26
28	24
28	24
28	25
27	24
25	19
23	15
27	26
30	28
27	25
23	17
24	18
25	20
24	16
25	21
25	21
18	8
24	18
27	21
29	22
30	17
31	28
24	22
27	20
29	19
28	24
16	9
20	8
33	26
32	22
23	21
36	32
33	30
30	26
34	32
36	33
29	28
35	32
33	31
33	30
39	36
37	34
32	29
29	27
31	28
31	28
33	31
34	29
31	28
18	11
21	10
33	30
31	30
27	26
31	28
30	23
30	24
29	26
32	22
32	24
31	20
26	23
32	29
32	25
27	24
29	20
31	23
32	22
28	25
31	22
27	23
33	27
28	21
31	26
30	26
33	28
31	27
27	26
35	29
30	26
28	25
31	27
22	20
33	28
28	26
28	23
31	25
31	28
30	26
33	28
32	25
32	27
31	22
30	27
31	24
32	28
31	19
26	16
31	25
31	28
34	29
29	18
32	27
31	27
34	30
34	24
33	29
32	24
31	25
28	23
34	31
33	23
32	16
27	22
31	21
35	26
31	27
33	26
32	18
22	2
15	0
29	16
29	24
30	26
29	21
24	18
27	19
33	21
18	3
28	19
29	20
32	28
30	26
27	23
30	23
23	3
20	0
29	12
29	18
26	21
32	26
29	26
29	26
33	29
37	30
29	23
31	23
32	27
34	30
32	23
32	26
28	25
32	25
35	26
35	26
32	28
33	28
29	23
23	21
31	28
34	29
30	27
33	22
33	28
32	27
30	22
34	30
30	25
32	27
34	29
38	24
25	23
32	28
34	28
36	32
34	29
30	26
34	30
33	26
34	29
37	31
34	29
32	27
32	24
36	30
33	24
25	14
27	24
23	16
26	23
21	13
31	30
31	28
23	21
32	26
37	30
34	28
37	34
36	33
31	28
33	28
35	32
32	28
35	29
32	29
34	29
32	26
36	23
32	28
33	30
32	29
34	29
34	28
36	31
30	26
30	27
34	32
33	26
34	28
30	25
21	4
16	0
27	7
26	22
23	13
32	27
30	25
24	21
30	26
30	23
28	25
35	32
30	26
30	27
32	28
29	23
27	23
34	28
33	24
26	24
24	21
24	22
25	23
35	29
30	23
29	22
31	27
18	16
35	31
27	21
32	28
36	31
38	32
38	31
33	29
20	17
35	30
37	31
26	23
32	27
26	23
26	23
31	25
35	29
30	25
33	29
38	33
33	30
34	29
32	28
37	31
35	31
33	28
30	24
38	33
35	30
31	25
35	30
26	23
10	9
28	25
22	20
22	19
22	19
32	28
30	26
22	20
36	26
21	7
34	27
31	28
35	32
39	33
26	16
32	28
38	31
32	28
30	27
14	12
35	30
31	26
38	33
32	30
31	26
35	30
35	31
33	29
35	30
38	34
35	29
34	27
36	31
33	29
31	27
36	31
33	29
11	10
36	32
35	25
34	31
28	20
36	28
33	21
36	32
34	30
32	27
32	25
22	20
35	31
39	31
32	25
35	29
26	19
25	21
33	29
25	23
30	26
31	28
34	30
35	32
29	26
28	25
31	27
30	28
11	9
24	21
27	24
33	26
32	27
32	27
34	29
33	29
24	20
14	13
31	26
29	27
32	28
32	27
29	25
28	24
33	28
30	25
31	26
27	25
34	31
28	26
27	23
30	27
23	9
29	27
28	24
28	20
28	27
19	9
32	29
21	19
29	25
31	26
30	26
26	16
19	9
31	29
27	26
35	32
32	30
27	25
30	28
31	29
16	8
18	13
32	25
23	21
29	25
27	21
19	17
31	25
33	27
29	21
19	17
21	18
32	27
35	29
27	22
28	24
34	30
30	24
24	21
25	21
34	28
31	25
32	23
17	17
30	23
34	22
24	20
31	26
27	24
34	30
34	28
32	29
39	34
23	20
31	27
30	26
33	28
33	26
26	23
21	18
36	32
34	29
30	26
23	21
33	29
37	31
29	25
35	32
36	30
31	27
28	25
31	27
29	25
31	27
27	25
34	30
32	28
34	29
33	26
31	27
32	27
34	28
34	28
30	22
33	29
35	29
39	34
35	29
38	32
33	28
37	33
34	30
35	29
24	21
20	17
35	29
36	29
29	25
31	26
37	31
27	24
27	23
36	31
32	27
35	29
28	24
28	24
28	24
34	30
32	27
29	26
31	27
29	26
40	31
34	30
28	23
26	21
35	31
35	30
18	16
33	27
35	29
33	30
34	29
32	27
29	25
17	15
33	25
36	29
30	26
28	24
36	30
40	36
30	26
35	30
18	16
34	30
35	30
28	25
34	29
35	29
37	31
33	29
17	15
25	21
20	13
32	26
29	26
29	24
19	15
37	32
35	31
34	30
35	30
37	33
34	29
38	32
38	30
32	26
36	31
36	32
34	30
33	29
29	26
25	22
36	31
31	28
32	28
35	30
15	14
19	16
29	26
29	24
35	30
25	22
38	32
24	22
31	26
31	28
31	27
38	32
38	28
37	31
35	30
33	28
37	31
38	33
32	28
31	25
33	28
32	27
28	23
33	27
42	34
40	34
38	32
38	32
29	25
34	28
32	27
41	35
39	33
32	26
33	28
26	22
34	27
29	25
34	27
29	25
39	32
28	23
32	26
35	30
40	34
20	16
34	28
37	29
26	20
22	19
29	26
33	28
38	31
35	30
32	27
36	32
28	24
30	27
36	31
23	21
39	31
30	25
31	25
35	30
35	29
30	26
29	24
18	16
33	28
36	30
35	30
36	31
39	33
34	28
30	26
31	26
32	28
31	28
32	28
34	27
26	23
37	29
19	3
37	30
36	29
27	23
36	32
31	27
35	29
34	29
36	31
34	29
29	26
33	30
36	32
32	27
31	27
38	32
34	31
36	31
26	23
33	28
32	25
35	30
31	26
33	28
35	31
39	34
31	27
38	32
36	31
36	30
34	29
36	31
36	31
38	31
43	37
32	28
31	26
22	16
39	33
36	31
29	23
38	33
35	30
30	26
25	21
31	28
29	26
25	22
31	26
26	23
34	30
19	17
29	25
31	28
20	17
12	11
28	24
39	34
35	29
33	28
30	26
27	24
17	14
37	32
30	27
37	32
27	23
32	27
30	25
36	25
33	28
32	28
18	15
30	27
32	28
31	26
36	30
40	33
21	19
25	22
26	22
35	30
34	29
29	25
32	29
30	24
34	30
30	26
39	33
32	26
23	20
34	28
38	29
39	32
40	35
31	26
38	33
40	35
28	25
34	30
34	30
26	22
9	8
29	25
28	24
29	26
25	22
35	31
39	32
29	25
37	33
31	26
32	28
34	30
33	29
28	25
30	27
34	29
30	25
42	33
39	31
28	24
30	26
37	32
33	29
31	26
34	30
31	27
39	34
37	31
20	18
36	31
37	33
30	25
41	34
35	28
26	22
33	31
38	33
35	29
36	30
33	29
36	28
28	25
15	13
24	21
10	8
30	27
32	28
32	28
33	28
28	24
30	27
38	32
31	27
30	25
31	27
42	34
34	30
26	23
23	20
36	30
32	27
28	24
27	24
31	27
29	26
35	28
38	33
38	33
30	25
33	29
39	34
38	32
34	29
40	35
28	24
14	13
24	22
34	28
28	22
39	34
40	34
14	12
36	31
34	30
33	26
29	26
34	30
30	26
32	28
28	25
37	32
33	27
28	24
35	31
35	29
36	29
38	32
32	28
36	30
37	31
29	23
42	34
32	27
12	11
37	30
31	27
35	29
27	23
32	28
28	25
32	28
34	30
36	31
32	27
25	21
19	17
36	31
29	26
20	17
37	33
24	21
34	30
35	29
35	28
34	29
34	27
44	36
38	31
35	31
23	20
33	26
30	27
35	30
35	28
36	29
36	31
22	19
25	20
28	24
36	29
37	33
38	33
33	29
40	34
28	24
36	31
30	27
38	31
43	35
28	24
36	29
38	32
30	26
30	25
34	29
34	29
35	29
40	33
34	30
31	28
24	20
15	13
33	28
29	26
25	23
37	31
33	27
32	27
31	26
39	34
33	29
33	28
34	30
29	24
31	27
29	23
28	24
34	29
32	28
32	26
36	31
31	27
34	28
25	21
33	27
24	20
37	31
31	27
29	24
29	25
31	26
35	30
19	18
30	26
31	27
31	27
33	30
34	26
33	27
28	25
34	29
37	30
33	27
33	29
30	26
33	29
20	17
34	26
32	28
33	28
32	28
31	27
29	26
24	20
36	29
30	24
34	30
36	31
21	20
15	13
25	22
34	29
29	26
31	26
25	22
25	21
25	21
31	26
34	29
30	21
27	21
31	26
30	27
31	26
27	22
26	22
27	19
19	10
34	30
34	29
33	30
38	36
23	5
33	29
38	34
35	33
30	28
32	30
26	25
23	11
36	33
39	36
34	30
21	7
29	27
30	28
31	29
31	28
33	30
36	33
31	29
37	34
34	32
22	10
30	25
30	27
34	30
32	24
27	24
32	29
35	32
29	21
17	13
31	27
28	24
28	26
36	31
34	30
34	29
27	23
31	26
32	28
31	26
35	30
32	23
32	26
28	23
35	28
29	20
24	21
37	32
30	25
33	27
31	26
33	29
33	26
19	17
37	31
34	30
34	29
34	28
33	29
30	26
29	25
34	31
40	34
36	30
28	24
36	32
18	16
33	27
39	34
35	30
32	27
21	19
36	31
31	27
34	27
36	31
34	30
31	26
33	29
31	26
31	26
22	20
36	30
14	13
34	29
34	29
23	21
38	32
35	31
32	28
35	31
40	33
30	25
33	29
31	26
39	35
32	27
35	32
34	30
40	35
33	28
38	34
36	29
32	29
39	35
37	30
36	32
37	31
37	33
31	28
29	27
33	28
34	30
19	17
35	28
30	27
39	34
34	31
33	23
30	27
33	29
33	30
38	33
24	22
34	30
32	25
39	35
33	28
22	19
29	26
30	26
22	20
31	27
38	34
33	28
30	26
35	32
36	30
33	27
27	25
36	32
37	32
28	26
30	28
21	20
36	31
36	32
35	32
34	31
43	36
41	27
37	33
38	33
33	29
36	33
37	31
38	33
34	28
34	29
33	30
37	34
31	28
31	25
39	34
35	31
35	29
43	37
35	27
37	34
39	33
28	25
37	32
34	29
34	28
36	30
40	32
34	30
38	32
37	33
34	30
36	31
31	27
39	33
34	30
34	30
37	33
35	31
37	32
38	32
36	31
33	29
36	27
38	32
33	29
34	30
30	26
32	27
33	29
32	27
37	33
41	36
39	34
33	28
40	34
35	28
41	36
36	33
34	27
46	37
34	30
40	35
36	30
38	28
33	28
38	34
38	30
38	33
37	33
35	30
33	28
39	34
37	32
34	29
30	24
35	29
14	4
21	18
33	29
33	29
32	28
37	29
29	25
40	33
30	28
36	31
34	25
34	28
37	24
36	30
30	27
35	31
33	30
38	33
32	28
36	33
36	31
25	18
36	31
20	18
34	30
35	29
29	25
32	27
32	27
30	27
34	29
21	19
38	34
35	31
28	25
31	27
41	34
35	28
33	29
29	22
29	23
26	24
25	22
28	25
22	20
30	26
33	28
36	32
29	26
34	30
37	32
32	29
26	23
28	23
22	20
34	28
30	27
32	28
34	26
38	33
27	25
14	13
30	26
43	36
36	28
31	27
34	28
34	29
35	31
32	26
38	32
36	30
32	28
18	16
30	26
32	27
21	19
37	32
30	26
38	33
42	36
25	22
29	25
39	32
30	27
27	25
37	31
29	25
39	33
25	23
32	28
36	31
35	27
36	31
35	30
30	27
36	32
35	31
32	25
39	27
35	29
32	28
30	25
32	28
33	29
34	28
34	31
34	30
33	29
37	33
38	33
36	25
35	32
37	31
32	24
29	25
35	30
33	27
31	27
37	28
36	32
39	31
26	23
31	27
36	31
36	31
35	30
34	30
33	29
33	29
38	27
30	28
30	22
28	21
30	26
35	28
35	24
34	29
34	26
29	26
31	29
30	26
33	29
31	28
32	29
33	28
34	27
32	24
24	22
23	20
28	24
33	29
27	24
30	24
32	29
30	24
29	26
34	30
30	25
29	24
31	27
27	24
33	28
34	29
31	24
34	29
32	27
33	30
29	25
16	14
13	11
14	13
26	19
27	24
24	21
33	25
29	26
30	23
32	27
30	26
26	20
36	28
32	27
23	20
29	25
28	25
25	18
27	23
32	27
28	25
29	26
27	21
27	23
23	13
24	12
26	23
19	6
17	6
29	26
27	25
28	20
27	24
21	11
27	23
28	25
28	24
28	23
19	9
27	25
32	30
31	29
28	27
31	29
27	13
26	13
17	6
25	22
29	24
27	23
28	24
26	20
26	21
27	18
25	20
26	17
21	12
28	24
26	22
23	16
26	22
25	21
25	18
20	17
21	18
25	21
30	24
25	16
30	28
32	30
33	30
30	28
30	27
31	28
27	26
27	26
32	29
16	6
29	26
28	26
24	23
19	10
27	23
29	26
26	15
26	19
27	23
29	23
25	14
30	26
30	25
30	26
33	29
31	26
31	28
29	24
32	27
29	23
18	6
24	14
34	30
24	19
28	25
30	27
32	29
32	29
33	29
19	10
32	27
34	29
31	27
28	24
29	25
25	22
26	21
27	19
27	20
28	25
28	23
26	17
18	9
28	24
28	22
27	18
25	20
26	22
30	26
24	21
27	20
26	23
27	22
23	14
27	16
28	22
28	23
28	23
27	22
27	22
27	21
30	25
33	26
30	24
30	26
21	10
29	21
28	19
28	24
27	24
31	26
30	26
31	28
35	28
31	23
29	26
26	16
31	29
30	24
20	17
27	21
32	28
31	26
31	26
28	22
25	17
30	22
30	25
31	26
33	28
30	25
29	25
31	27
31	24
28	24
26	20
30	24
24	22
28	24
25	18
32	26
27	23
28	21
28	24
31	27
28	25
30	24
30	26
28	23
28	19
30	23
29	25
31	26
19	6
28	22
31	27
30	25
28	23
28	24
26	23
22	19
27	25
24	17
21	19
18	9
32	30
27	26
26	14
22	12
31	29
31	27
26	23
16	6
29	27
30	27
32	23
29	24
28	26
26	24
20	18
28	26
28	25
22	15
30	27
25	11
27	25
31	29
28	26
31	29
29	27
32	29
27	24
30	27
33	29
29	27
27	23
24	20
26	23
27	22
29	24
28	15
21	11
19	12
31	28
28	20
28	21
29	24
29	19
29	21
31	26
30	26
27	21
28	24
29	21
27	19
30	24
33	28
31	25
30	22
30	21
30	23
32	25
31	23
28	22
31	22
30	24
30	26
29	20
29	17
36	30
23	19
30	24
32	25
28	21
30	21
31	25
31	26
34	28
33	28
34	28
32	28
33	26
30	25
29	23
28	25
28	20
32	27
28	19
27	20
32	26
28	22
32	27
30	26
31	25
21	7
29	22
28	21
28	23
30	25
28	24
28	23
31	25
29	23
28	23
30	25
29	26
29	20
25	20
27	20
26	19
29	25
25	22
29	23
30	27
31	27
32	27
30	23
30	24
21	11
17	6
28	25
28	24
27	23
29	25
32	27
32	28
32	27
28	25
31	26
29	26
29	23
29	27
28	24
27	24
22	11
29	26
30	27
27	23
29	24
33	27
31	27
24	19
27	23
31	25
28	23
29	25
32	24
29	20
30	20
31	27
30	26
21	10
34	28
29	22
31	18
27	19
31	26
30	25
34	28
32	27
34	26
35	28
36	23
31	25
28	19
28	26
31	26
28	26
30	25
25	23
25	23
26	24
30	27
28	25
24	22
22	21
25	21
25	13
29	24
25	17
29	24
29	26
28	23
25	21
27	24
27	23
30	24
15	5
31	27
33	30
33	29
32	28
32	28
23	15
25	14
26	15
32	14
34	30
33	28
38	33
32	28
32	28
24	16
30	25
24	9
20	2
32	27
28	24
26	16
30	26
28	25
25	20
28	24
30	23
23	6
18	0
22	5
29	24
26	22
28	22
26	22
31	28
16	6
29	15
30	27
29	26
30	28
30	23
28	26
32	28
31	27
32	27
30	28
34	31
29	27
31	26
33	30
32	29
33	30
28	20
28	24
29	27
29	27
30	25
33	26
29	22
27	21
26	20
27	23
24	20
25	20
26	22
26	18
28	24
28	25
26	21
28	22
26	20
27	21
27	24
27	24
28	23
27	20
29	22
26	19
18	8
26	20
27	16
30	26
20	9
28	24
27	21
26	22
28	26
28	22
29	25
29	24
28	22
29	19
30	23
27	21
26	19
28	22
28	24
27	21
29	25
29	24
26	22
28	26
29	24
25	18
31	23
28	21
30	26
28	24
30	25
33	30
32	25
31	26
28	25
35	29
15	6
36	32
38	34
37	34
29	19
28	20
27	15
26	25
32	26
21	14
30	25
28	21
27	20
28	25
20	16
22	16
30	26
30	20
33	28
30	20
30	23
27	22
26	21
27	21
31	24
31	25
29	25
32	24
27	22
32	27
30	25
32	27
30	26
30	25
30	25
38	34
31	22
30	25
24	14
32	24
25	21
22	15
29	23
29	24
25	23
29	26
28	22
35	29
30	26
34	29
29	25
33	28
30	25
30	26
27	23
30	22
32	29
31	28
33	29
35	30
35	31
36	31
35	28
34	28
34	29
36	32
28	26
28	25
34	29
33	30
30	28
32	28
36	30
28	24
28	25
33	28
37	32
31	24
33	28
26	22
31	27
28	25
33	29
38	32
34	30
36	32
32	27
23	20
33	29
26	23
34	28
30	27
37	29
33	29
36	30
27	17
27	24
29	25
32	27
33	29
34	28
29	26
27	25
28	24
36	31
34	28
38	30
37	31
36	27
40	35
34	30
35	31
36	31
32	26
35	29
35	26
36	29
34	28
32	28
35	30
35	31
34	30
34	26
33	29
30	28
32	29
32	26
22	11
29	24
27	23
34	29
34	27
26	22
32	27
22	19
31	27
30	26
32	27
30	22
33	28
26	16
30	26
28	24
32	28
32	25
31	26
25	22
24	21
25	19
31	25
29	25
29	25
29	25
23	20
30	26
28	25
29	24
28	24
33	31
31	28
30	26
30	28
32	27
33	24
27	23
32	26
30	27
32	27
30	28
16	7
30	27
24	18
29	25
27	25
28	22
29	25
24	13
31	25
28	24
28	25
27	22
30	27
27	22
20	7
30	24
27	23
26	22
31	25
29	24
27	22
28	25
18	8
28	23
26	19
24	21
30	23
28	23
28	19
30	27
30	26
29	27
33	30
27	24
32	28
31	27
31	26
30	27
29	26
29	26
30	26
28	23
27	22
26	24
29	27
30	26
28	26
28	26
28	19
26	19
26	24
25	23
29	24
27	24
27	21
27	23
25	17
28	23
26	15
25	21
25	12
31	26
27	21
14	11
26	22
28	24
22	10
28	23
27	25
25	18
27	24
28	23
28	25
23	18
29	25
30	26
29	27
17	8
16	7
31	27
34	30
20	5
20	14
27	24
25	19
28	24
24	20
25	21
25	20
27	22
25	19
23	19
26	23
28	23
19	7
22	14
23	19
22	19
19	16
21	17
20	15
21	18
23	18
22	20
25	21
24	17
20	19
27	23
25	18
25	19
26	20
23	16
21	10
26	22
21	19
11	10
28	23
25	12
31	27
28	20
25	20
22	19
24	19
19	11
24	12
26	24
26	23
24	21
25	21
26	23
26	22
24	22
23	19
23	20
22	20
29	26
29	26
19	9
28	25
27	23
25	22
27	20
25	21
25	17
26	20
25	19
29	25
27	20
28	25
29	25
30	25
26	23
29	24
30	27
27	23
26	21
28	25
25	22
28	22
30	26
28	24
29	25
30	26
35	30
14	5
34	25
37	34
33	30
32	30
29	27
31	25
36	32
33	30
33	28
35	33
33	28
32	30
37	32
37	33
16	15
36	31
36	31
32	29
32	25
35	29
31	27
30	27
33	27
32	29
29	25
32	25
25	22
27	23
18	15
27	22
26	22
25	23
29	24
28	21
34	25
28	22
28	24
33	30
28	24
32	25
27	22
30	24
25	19
29	22
32	25
29	22
31	24
28	23
32	26
30	24
28	24
29	26
31	26
27	19
28	16
28	19
24	20
30	27
33	27
32	28
30	26
31	20
33	28
27	25
25	22
32	27
35	31
32	21
27	21
27	24
28	21
27	22
28	24
34	28
33	29
31	22
25	20
34	29
31	26
32	22
32	28
25	16
27	22
33	25
31	24
31	23
31	26
33	27
31	24
30	21
33	28
33	23
27	24
37	28
35	31
35	27
33	23
35	30
14	3
32	26
37	31
33	30
28	26
32	28
26	24
28	26
25	23
28	27
32	29
23	20
36	33
40	28
30	28
24	22
32	30
35	32
23	18
33	30
36	33
29	27
33	29
36	33
19	17
31	30
32	29
25	22
38	34
37	34
39	34
38	34
44	39
43	38
31	29
35	29
35	31
33	29
25	23
23	21
30	28
34	31
27	23
33	28
34	29
28	26
32	28
32	29
20	18
33	29
36	31
29	24
16	5
30	25
32	26
33	25
29	26
31	28
38	32
35	33
37	33
36	33
35	32
30	28
23	9
31	28
35	33
24	22
23	15
23	11
26	23
26	21
25	22
27	21
21	18
28	23
23	17
28	23
18	10
29	22
19	10
28	23
26	23
20	18
23	20
25	22
23	14
28	21
26	21
26	24
24	17
21	10
32	27
32	30
32	29
21	12
26	24
29	18
29	21
28	24
29	25
25	22
25	24
26	24
26	24
26	23
23	21
30	11
29	26
29	26
29	25
32	28
32	23
31	23
34	30
31	27
33	25
31	28
32	28
33	28
33	26
30	22
35	30
31	22
30	27
33	28
32	25
32	28
32	22
33	26
35	25
31	19
33	24
34	28
17	15
32	27
32	29
30	26
30	23
33	25
29	20
30	27
27	21
32	29
33	28
31	24
29	21
33	29
30	20
27	16
32	27
32	24
29	22
28	17
30	26
29	26
29	25
27	23
24	15
25	16
27	19
26	20
24	13
27	22
27	24
29	20
28	19
27	17
26	20
25	17
23	13
25	20
23	18
28	25
22	14
23	18
27	21
26	21
26	21
27	21
23	13
29	24
25	21
30	26
24	13
29	23
28	23
27	22
24	17
17	2
25	22
20	11
26	19
27	18
26	19
22	20
22	20
22	19
22	17
25	21
24	18
24	19
26	22
19	11
17	11
25	19
23	18
27	23
28	24
26	23
26	21
23	20
28	24
30	27
28	22
29	24
25	22
30	27
31	27
27	26
25	24
11	5
31	25
26	21
21	10
31	28
29	27
28	24
28	24
17	8
22	10
25	21
25	20
27	23
27	20
21	17
25	22
24	20
25	22
26	21
24	20
29	26
22	9
30	26
29	27
27	24
27	22
18	8
22	17
24	19
22	17
23	15
27	20
14	9
25	15
28	24
25	19
13	5
33	26
32	27
29	24
26	23
30	25
34	26
31	27
24	21
25	22
26	19
27	24
22	19
23	18
27	22
21	12
32	29
25	22
28	22
26	20
24	15
26	19
26	22
20	11
26	22
25	21
30	23
31	27
28	24
28	23
27	21
26	20
32	27
34	31
26	22
26	20
28	25
23	18
23	20
25	22
27	21
31	23
29	24
28	21
34	29
27	24
31	23
28	25
30	24
31	26
29	21
31	27
29	25
31	26
19	8
29	26
18	16
33	30
24	22
28	24
21	20
32	28
28	25
24	23
28	27
34	31
30	28
32	31
28	27
25	11
32	31
27	25
31	30
24	22
22	10
31	27
21	19
30	27
26	24
25	24
27	13
30	23
30	23
30	24
17	9
27	20
26	23
28	25
27	23
27	18
26	22
28	24
25	20
24	21
24	22
26	22
27	23
27	24
24	21
18	8
27	20
25	17
26	18
29	23
27	23
26	16
25	17
16	8
32	27
34	29
30	26
29	25
26	22
29	24
31	27
33	29
32	29
30	27
29	26
29	27
26	23
26	23
9	8
6	6
9	8
2	1
9	9
21	19
24	20
25	22
28	22
27	22
29	25
27	19
29	26
31	22
30	26
18	9
24	11
30	25
28	23
31	28
29	26
29	25
30	24
25	22
31	26
29	25
30	25
25	21
27	24
33	29
27	21
29	23
29	19
30	27
25	21
30	25
26	22
31	26
28	22
27	21
28	23
27	24
26	24
27	26
26	22
24	20
26	15
29	24
26	20
26	23
28	25
30	25
30	26
30	24
29	24
24	20
29	25
26	19
28	25
28	21
23	10
28	23
31	27
24	22
32	23
30	26
29	22
31	27
28	23
28	23
30	27
29	26
28	22
26	21
27	22
30	26
30	26
19	15
25	22
32	26
30	26
29	24
31	28
32	27
29	22
33	29
29	26
30	26
33	24
28	24
32	29
29	24
30	25
30	23
32	27
29	23
28	24
32	28
30	21
28	24
29	22
27	22
26	20
29	17
27	24
29	25
26	19
26	23
27	22
28	23
25	19
27	23
25	20
24	20
23	20
24	19
24	18
28	25
25	19
24	16
26	21
27	24
30	23
27	23
29	26
29	24
28	22
26	21
24	19
23	16
24	19
28	22
28	21
22	18
25	22
28	24
26	22
25	21
27	25
25	22
26	20
25	20
26	23
28	23
25	20
21	19
26	17
21	4
26	22
24	19
26	18
22	16
24	21
25	22
25	22
27	24
25	23
27	25
20	12
29	25
24	21
24	19
22	7
31	29
33	30
31	30
35	33
24	13
28	25
28	25
29	26
29	27
24	22
25	21
27	22
20	14
17	12
20	16
26	23
31	28
30	27
33	30
33	31
32	30
31	25
32	29
29	27
25	23
28	27
33	31
31	27
21	7
27	21
26	22
19	11
21	18
26	23
21	11
24	20
21	14
25	18
26	22
21	14
28	26
23	15
21	14
28	23
26	23
24	22
19	12
25	17
30	27
27	24
23	15
20	18
22	19
20	14
21	13
15	6
25	21
19	9
27	19
25	21
28	22
25	22
27	23
29	22
26	16
30	28
29	26
21	11
32	29
26	25
29	27
25	20
24	15
28	25
25	22
28	24
17	9
25	14
31	26
32	28
30	25
23	13
35	31
27	25
32	27
32	27
32	26
31	27
29	23
22	14
24	14
25	21
22	15
20	6
25	20
19	11
20	18
23	15
26	16
25	19
22	12
22	18
24	20
21	17
21	17
18	12
24	18
25	19
25	21
22	18
23	17
25	17
25	23
22	11
20	16
22	19
24	21
26	21
22	18
26	22
25	20
23	19
23	19
17	7
24	19
26	22
25	20
27	23
27	22
27	25
26	24
28	24
29	24
26	17
30	27
18	8
25	23
30	28
30	28
31	30
33	31
33	31
34	29
29	26
28	26
24	19
27	19
22	12
27	24
23	21
20	16
21	15
22	16
19	12
22	16
21	16
22	15
23	15
27	22
26	22
28	24
30	27
33	28
24	17
23	10
29	25
25	20
31	28
30	28
21	13
27	23
29	24
29	26
23	12
27	22
25	21
20	19
28	25
26	21
27	17
27	22
24	15
27	20
19	6
24	9
22	15
34	28
26	22
23	17
27	23
25	18
26	22
26	21
25	20
25	18
17	10
23	17
24	19
22	18
22	18
22	19
24	21
24	19
28	25
23	19
24	20
21	14
27	24
27	19
24	19
22	12
25	21
25	21
27	24
29	25
27	23
30	25
23	20
24	13
31	27
31	28
26	23
33	25
32	27
30	26
31	28
30	25
30	28
29	25
31	27
29	25
27	24
28	24
28	24
29	21
31	26
27	20
30	25
26	21
27	20
27	23
27	24
25	22
22	10
24	15
25	19
23	17
25	23
25	21
24	20
23	21
24	18
23	16
22	14
23	14
26	20
27	24
22	9
25	18
25	21
22	15
30	26
28	24
29	23
27	19
28	25
24	19
27	23
25	17
25	17
26	20
22	18
23	13
25	18
21	14
26	21
24	18
26	22
20	8
23	18
25	21
24	22
24	20
24	20
23	21
23	18
23	19
22	17
25	21
24	20
26	20
26	20
26	21
26	22
27	20
25	22
26	22
27	22
29	24
27	24
29	19
28	20
29	25
19	10
22	17
22	18
23	17
27	23
20	12
26	22
25	21
23	19
25	19
22	15
24	18
22	14
18	5
22	14
20	10
21	13
21	17
25	19
22	18
26	20
14	2
20	3
24	16
21	12
22	15
25	20
24	6
28	23
23	19
20	11
21	9
19	13
23	18
27	19
21	13
25	21
23	16
21	15
24	20
25	22
23	18
21	18
20	12
26	24
30	26
27	22
20	9
26	24
29	26
25	22
29	24
25	16
20	13
29	21
28	24
29	27
29	26
27	25
26	12
22	19
21	18
15	10
24	14
32	28
31	21
27	21
35	32
31	29
32	25
32	29
19	8
27	22
26	21
25	18
27	23
30	28
28	13
31	29
30	27
24	11
17	15
21	19
19	16
26	21
23	20
23	19
26	22
20	16
25	20
27	24
17	14
19	16
17	12
17	14
10	8
4	4
17	15
16	12
0	0
0	0
0	0
0	0
0	0
0	0
0	0
0	0
0	0
17	15
18	15
30	25
17	14
25	21
20	16
12	10
14	13
6	6
15	11
41	32
27	23
24	19
22	17
28	22
6	6
19	14
25	20
13	11
13	11
23	16
19	15
13	12
18	15
23	19
22	18
25	20
28	23
29	26
26	21
25	20
29	23
26	21
19	16
21	20
18	15
19	17
33	26
33	26
19	16
10	9
6	6
23	18
24	18
21	18
28	22
21	18
22	19
22	19
23	18
32	25
21	17
32	27
18	16
23	20
28	24
25	21
30	24
24	21
26	22
23	17
25	15
27	22
24	17
27	24
25	21
26	24
24	21
26	22
26	22
25	22
23	20
27	21
31	27
29	25
29	26
20	18
24	21
28	20
30	27
32	28
32	28
29	25
32	26
31	27
29	25
27	25
29	22
34	29
33	29
28	24
26	22
24	21
32	28
33	29
28	18
32	28
24	15
27	20
28	24
30	26
34	29
31	27
27	21
26	23
30	21
27	21
30	21
30	26
30	23
30	20
35	23
34	28
35	28
33	29
31	22
33	27
33	26
34	28
36	32
34	28
36	32
32	27
30	20
35	28
32	28
30	26
32	26
35	29
31	25
38	30
32	29
35	22
35	31
32	27
30	22
34	28
31	26
34	26
34	21
31	26
32	26
34	26
33	27
33	27
36	32
32	25
38	32
38	30
34	29
32	25
30	26
37	31
34	28
34	26
33	28
38	31
33	28
34	28
35	31
37	32
36	31
33	27
36	28
39	31
44	37
35	31
40	31
38	32
34	26
34	29
38	32
35	25
33	28
33	28
35	25
30	24
31	27
35	28
39	34
36	31
33	30
36	30
36	33
26	22
35	31
34	22
37	31
35	30
27	21
35	30
34	29
36	31
36	32
36	26
38	30
32	27
34	25
35	28
37	32
34	29
31	24
36	31
36	28
33	27
34	28
24	8
38	31
33	29
36	29
35	24
36	30
36	30
40	33
40	33
37	31
35	31
37	32
36	30
31	26
34	27
37	33
33	29
34	24
36	29
34	30
33	27
30	24
31	26
35	26
35	29
32	24
29	26
30	27
36	31
40	33
36	31
38	33
34	26
35	27
33	29
35	32
36	32
39	35
39	31
37	29
30	25
34	26
34	29
34	31
34	28
34	28
32	24
38	30
40	35
38	33
38	34
31	27
30	27
39	34
31	27
22	20
34	31
31	27
34	30
37	32
34	29
34	26
31	26
32	28
34	29
36	29
24	21
29	26
32	27
37	31
31	28
27	22
38	34
29	26
37	28
27	23
36	27
34	29
30	26
32	27
35	29
31	27
32	27
31	26
37	32
32	27
27	23
32	28
26	22
36	31
34	29
30	27
32	22
34	28
32	28
20	18
37	34
35	30
35	31
36	31
29	24
33	29
33	29
26	21
34	30
36	31
30	27
32	29
34	31
37	32
33	26
32	28
35	30
30	27
35	29
30	27
33	27
32	26
33	30
29	25
33	27
33	30
27	25
32	28
33	29
31	26
26	24
32	29
32	24
34	30
31	27
35	32
33	29
22	18
31	27
26	24
32	29
30	24
33	30
32	25
31	27
25	22
29	28
21	19
32	29
32	26
28	23
27	22
34	31
35	31
31	27
30	25
29	25
29	27
31	28
32	30
30	26
28	15
33	27
26	16
29	19
30	23
32	27
30	26
9	9
29	23
18	15
26	21
36	25
29	24
35	24
32	29
29	26
29	24
29	21
33	28
28	26
21	7
20	12
29	24
29	25
27	24
30	24
24	19
27	25
28	23
27	19
27	14
28	25
29	25
27	23
29	26
28	23
25	19
28	25
23	19
21	13
30	26
28	21
27	24
31	28
29	26
28	26
26	17
30	23
31	28
24	20
30	27
27	22
31	27
33	28
32	27
30	21
24	20
34	30
33	27
34	27
31	25
25	22
27	20
31	23
33	26
31	26
31	25
33	29
32	28
34	28
35	30
32	28
34	26
30	27
30	27
29	26
26	24
30	22
31	26
20	16
38	32
34	29
28	26
32	27
38	32
35	27
31	24
30	23
33	30
33	29
33	27
32	20
33	24
33	28
32	27
33	29
31	28
32	26
26	24
32	24
32	26
36	31
32	27
33	27
33	28
40	35
32	27
35	30
39	32
33	26
33	29
35	31
34	29
33	29
35	32
31	27
35	31
36	31
31	26
33	29
29	20
20	18
36	27
38	31
39	35
39	32
35	25
20	18
32	26
35	31
39	34
39	32
34	28
32	26
31	28
35	30
21	18
34	29
35	29
28	24
31	27
29	25
33	28
33	28
32	25
28	25
19	17
38	32
27	21
38	29
25	23
32	28
33	27
37	31
37	31
41	36
37	31
39	34
39	34
41	35
33	29
36	32
34	29
36	30
27	24
38	34
39	29
30	26
32	28
37	33
36	28
36	30
19	16
37	33
36	30
37	30
36	31
39	31
39	34
34	29
35	30
36	32
35	29
40	33
36	30
22	19
35	31
27	24
35	29
38	32
32	26
20	19
26	23
33	28
37	31
31	26
35	30
32	27
32	27
32	28
38	33
32	28
35	31
34	24
40	32
36	29
29	26
40	31
39	31
35	31
25	21
29	26
29	26
24	22
38	33
33	28
25	22
31	26
25	22
33	29
29	24
25	23
36	32
35	31
40	35
35	31
34	29
42	36
37	32
38	33
42	33
39	36
28	26
38	28
30	27
29	24
36	32
32	26
35	32
34	30
32	26
44	38
40	35
41	35
37	33
32	28
30	27
37	27
36	32
30	27
34	30
38	32
40	34
22	19
11	10
33	30
33	30
24	21
32	28
34	31
33	29
38	31
34	27
40	35
29	27
34	30
32	26
30	27
33	23
30	27
29	25
23	21
37	30
38	32
29	27
41	35
38	30
32	27
40	36
30	26
35	30
39	32
32	29
37	33
35	30
30	25
37	28
34	27
38	34
18	17
31	29
35	31
44	35
29	26
36	31
36	31
23	18
35	29
38	29
36	32
32	29
38	33
38	33
31	26
37	28
29	25
31	27
34	29
38	32
37	32
39	34
36	33
31	26
42	35
34	31
31	28
37	31
21	19
37	32
37	33
35	27
29	26
35	31
31	28
36	32
32	28
33	27
43	38
30	27
39	32
33	30
35	29
28	24
31	29
33	27
38	27
36	32
35	30
35	32
37	34
35	30
39	34
39	33
39	34
35	31
41	34
30	27
34	28
36	31
38	31
35	30
31	28
35	30
30	27
26	23
39	34
40	36
34	31
35	30
34	30
36	32
31	27
30	27
35	29
39	34
36	30
33	30
39	28
32	28
31	26
32	27
36	29
40	34
39	30
30	27
37	32
37	33
35	31
36	31
36	29
40	33
35	31
33	29
37	32
34	31
37	30
34	30
25	21
23	20
28	24
36	31
34	29
38	33
37	33
36	29
30	27
28	24
33	21
34	28
35	30
38	29
38	30
37	33
26	23
34	28
32	29
37	33
35	29
36	19
34	27
32	27
36	31
32	24
37	27
37	30
33	26
30	24
35	26
37	30
34	30
20	17
36	31
35	31
15	14
33	29
34	30
33	28
38	33
35	30
33	25
38	33
19	2
34	30
37	32
36	30
35	26
35	28
36	31
36	30
31	27
36	31
34	31
26	24
35	31
17	16
34	29
39	34
36	28
31	27
36	30
37	32
33	29
36	31
38	34
33	27
36	30
24	21
34	29
38	28
27	24
32	27
33	29
8	7
24	21
30	26
36	32
30	26
29	24
32	30
29	23
25	23
39	33
33	29
30	23
33	28
27	22
31	27
33	29
34	29
30	25
30	27
26	22
38	33
30	27
36	32
25	22
36	32
29	25
30	25
43	35
24	22
30	27
36	31
37	29
36	29
27	24
43	34
34	29
33	27
33	29
36	32
38	33
33	29
31	26
32	28
37	31
40	34
38	33
30	26
31	28
30	26
37	34
31	27
19	16
35	31
38	32
35	28
36	30
39	35
29	26
33	29
33	29
37	31
36	30
34	30
39	32
40	36
34	29
29	26
37	31
33	29
34	30
32	28
33	28
40	32
37	31
34	30
37	28
30	23
37	32
34	29
36	32
37	31
35	31
41	34
29	26
16	15
35	30
26	23
36	32
37	33
34	29
30	27
31	27
31	26
24	22
33	29
38	32
32	28
36	30
35	31
38	32
28	26
24	20
34	28
23	20
31	28
39	33
31	27
31	28
35	32
39	32
33	26
37	32
39	33
39	33
33	29
37	30
33	25
33	30
41	33
33	29
36	31
34	29
33	28
38	33
38	33
36	32
33	28
38	32
36	30
26	23
33	30
31	26
36	29
36	31
36	32
37	32
37	27
29	26
21	18
35	28
33	24
38	34
35	31
36	31
32	30
37	32
39	33
37	26
39	32
27	24
39	35
39	29
35	30
33	29
35	31
31	27
25	22
32	28
37	32
36	32
31	24
26	23
25	22
35	31
37	32
35	27
32	30
19	17
26	21
35	30
32	28
40	34
27	24
33	25
35	32
33	26
22	19
35	27
33	25
36	23
31	26
32	27
34	31
32	27
31	29
34	30
33	29
32	28
33	23
36	27
29	25
33	29
31	22
32	26
36	32
30	26
33	25
33	23
33	30
28	25
34	30
35	27
33	25
28	24
28	19
28	21
30	26
34	31
30	25
34	29
32	25
27	23
23	18
33	26
35	25
32	28
31	25
20	17
29	22
30	25
29	26
29	25
32	30
29	26
32	29
22	13
32	28
31	26
33	26
33	30
31	27
34	28
26	21
31	26
29	25
21	19
28	24
32	25
31	28
31	26
32	27
30	26
27	24
29	27
31	26
27	23
22	20
29	23
26	19
29	27
29	25
26	24
27	21
29	24
32	26
31	27
29	14
19	6
35	26
32	28
36	26
27	22
25	14
31	28
29	27
29	27
31	27
29	23
23	20
27	22
28	25
31	25
28	23
23	9
18	10
33	30
36	34
32	29
37	33
33	28
30	26
36	33
34	29
34	32
32	30
35	30
33	30
38	34
39	30
31	24
20	10
34	24
24	9
30	28
33	31
26	21
30	23
28	24
33	30
29	24
31	24
25	16
33	25
29	24
30	24
28	25
30	24
31	24
26	16
28	23
31	27
31	26
26	22
27	22
27	24
26	21
27	19
29	24
27	22
26	21
26	23
26	20
25	14
27	15
26	21
28	24
24	18
28	24
28	18
27	17
25	17
28	24
27	19
25	16
27	18
24	21
24	19
27	20
25	21
17	7
28	21
26	20
25	22
25	23
27	21
28	22
23	18
26	22
27	25
28	20
31	29
25	19
24	21
30	25
30	26
29	26
22	8
28	20
31	27
31	25
31	25
27	22
24	14
29	25
23	18
31	26
29	25
29	17
33	27
28	26
32	28
30	26
26	21
31	21
29	25
28	20
30	26
30	25
31	26
29	23
32	29
28	26
34	27
25	19
33	30
32	24
31	27
30	26
21	9
28	26
28	24
29	26
29	24
25	23
27	25
26	20
20	8
28	24
32	29
30	25
32	24
28	25
27	19
31	26
30	23
29	26
28	25
30	22
26	21
24	21
25	18
25	17
26	23
24	21
26	24
28	21
27	18
30	20
25	13
22	12
20	12
27	23
24	16
29	25
24	18
26	22
25	19
22	17
24	19
22	17
23	18
26	17
25	20
26	21
26	20
26	22
28	25
30	26
28	24
27	19
26	19
31	27
28	20
30	26
26	22
30	27
27	24
30	26
26	22
22	20
25	22
23	21
15	8
28	19
31	25
31	26
32	28
32	28
28	25
37	33
32	26
33	27
36	31
30	26
31	28
29	26
33	29
31	27
29	24
38	29
34	31
37	31
20	11
29	21
28	25
29	23
25	20
26	18
24	21
28	23
23	20
28	24
23	21
24	18
28	22
29	25
25	22
23	19
24	20
21	12
20	13
21	18
24	22
23	21
21	19
24	19
21	19
23	20
23	16
22	13
24	18
24	16
18	7
31	27
35	31
38	36
31	29
28	27
16	6
23	20
24	19
30	26
32	26
26	23
26	24
19	16
29	23
33	26
27	23
36	30
25	21
22	18
25	21
21	19
24	20
26	22
31	26
30	24
33	26
27	22
34	26
33	27
33	27
24	21
20	17
20	16
21	18
26	22
31	28
25	21
39	32
35	28
30	25
19	17
28	23
35	30
28	24
30	23
33	26
34	28
29	24
31	26
32	25
25	22
28	24
29	25
31	27
26	23
26	21
30	25
31	25
13	12
34	28
32	27
34	28
29	25
30	26
28	25
32	28
34	29
35	29
14	6
30	26
17	15
30	26
30	26
28	23
28	21
28	25
28	24
27	23
23	12
27	23
31	28
29	26
26	24
28	26
30	28
32	30
29	27
28	27
22	11
32	29
31	30
32	30
21	12
33	29
19	9
33	30
29	28
31	28
28	24
25	20
29	24
29	23
30	22
26	21
28	21
27	23
31	23
28	22
27	20
15	2
27	20
26	21
28	24
25	20
26	23
24	20
24	20
30	23
24	20
26	22
24	20
26	22
28	23
27	23
25	22
15	6
25	21
24	17
24	21
25	21
27	24
26	20
25	22
21	18
23	20
23	19
24	19
25	24
22	19
22	20
24	15
25	22
28	23
19	11
31	29
31	28
27	23
26	23
26	19
26	19
24	18
21	16
21	11
20	17
22	19
21	18
21	17
24	19
24	20
24	19
24	19
21	16
21	18
23	20
23	18
21	16
19	15
15	5
25	20
23	17
26	17
23	10
18	6
30	27
26	23
29	26
28	26
34	32
34	31
33	30
37	35
23	22
32	30
22	21
14	5
29	20
27	25
29	24
33	28
31	26
30	26
19	9
30	24
28	22
28	23
30	22
32	28
35	30
33	30
28	25
31	26
29	24
27	22
29	23
30	25
31	25
32	27
30	25
29	25
32	27
31	27
28	22
28	20
27	21
29	24
26	20
23	21
22	18
23	18
23	18
24	19
18	8
26	22
25	19
27	23
24	20
24	20
25	19
21	12
20	12
21	18
23	19
25	20
21	16
24	20
19	9
23	19
23	21
27	26
25	15
28	22
25	18
21	16
17	14
26	22
25	20
24	19
28	22
24	18
33	28
15	7
33	26
32	28
33	27
33	29
34	30
33	28
32	21
26	23
24	21
28	24
30	22
25	21
27	22
27	24
27	22
29	26
25	19
25	21
22	19
20	16
21	17
20	17
22	18
15	12
16	13
18	16
20	17
22	18
19	16
22	19
26	22
20	15
19	16
18	15
26	21
20	17
19	16
14	12
24	18
14	12
24	20
19	16
25	22
26	21
24	20
23	19
28	24
26	22
24	21
22	18
24	20
22	17
24	17
27	21
25	22
32	23
27	24
24	19
27	23
32	28
29	24
26	23
34	26
27	23
28	22
28	24
14	13
27	22
33	28
29	24
25	21
24	19
28	24
26	17
28	24
26	21
26	23
23	21
29	24
33	29
26	22
26	20
29	25
31	23
28	25
29	25
26	21
24	16
27	20
24	18
21	14
25	20
27	16
17	1
24	19
26	22
23	19
22	19
24	21
23	17
25	22
24	18
23	21
24	19
25	19
26	17
25	21
24	17
27	21
27	16
26	22
26	20
24	21
22	15
28	23
26	21
31	28
29	25
32	29
33	20
30	23
17	8
25	19
24	21
24	22
25	22
24	18
25	20
25	19
23	17
21	15
23	18
14	10
25	20
25	21
23	17
25	16
23	19
24	18
23	18
22	18
23	16
22	16
24	17
25	21
22	17
21	13
24	16
22	18
21	10
24	20
23	20
23	18
27	20
25	20
26	20
24	17
23	18
29	25
24	20
25	20
24	20
25	21
24	19
23	20
23	19
24	21
23	19
26	22
30	24
25	20
26	19
26	20
26	20
24	19
22	19
16	15
28	23
27	20
19	11
24	19
22	19
27	23
26	23
25	21
25	20
23	19
28	22
25	20
27	22
25	22
22	15
22	18
25	20
25	23
25	20
25	20
25	21
25	21
25	21
24	18
22	16
22	11
23	19
21	16
21	18
22	16
25	21
25	23
26	25
29	27
26	25
30	27
26	24
18	9
25	23
26	20
23	20
25	17
21	18
23	21
23	18
23	20
25	22
17	9
29	27
33	30
30	28
33	30
35	28
24	20
22	15
21	17
22	16
23	16
28	19
23	18
25	21
26	21
23	18
24	21
26	18
22	7
24	20
23	17
24	18
27	20
23	13
28	24
29	26
29	25
29	25
26	23
28	20
23	14
23	20
25	18
24	15
24	17
26	21
25	21
27	25
28	24
21	9
25	20
24	17
26	21
29	24
24	13
26	20
26	20
28	25
28	24
27	23
24	21
24	19
29	21
23	14
28	19
27	24
30	27
29	24
24	19
28	13
26	21
28	24
27	24
27	23
26	22
26	21
26	18
28	20
24	16
26	12
29	18
26	20
26	21
24	18
24	15
26	18
24	19
27	23
26	21
30	27
28	25
25	20
25	19
27	24
29	25
26	22
26	22
27	20
26	23
27	21
26	17
26	24
27	23
27	24
26	22
26	22
29	26
33	30
29	24
28	24
26	23
27	22
28	24
29	26
26	18
25	20
24	17
27	22
27	23
28	25
23	21
29	24
26	22
26	22
28	20
25	21
25	21
26	19
30	26
26	23
31	25
25	22
25	22
26	19
26	19
28	24
28	21
27	22
32	27
28	25
24	15
31	24
28	22
27	21
24	20
27	22
27	25
27	22
27	20
28	24
24	19
31	27
27	22
25	21
29	25
31	28
32	28
29	19
24	20
28	24
29	23
28	25
24	19
30	26
28	24
26	22
26	23
28	22
24	20
27	22
30	26
26	22
28	23
29	25
28	25
32	27
28	23
27	23
32	26
25	17
31	27
24	20
28	24
25	18
28	25
30	27
28	21
26	23
28	23
23	19
27	19
28	25
26	23
30	23
27	21
28	23
28	24
25	17
26	21
26	22
25	21
25	22
24	21
22	17
26	21
25	23
28	21
20	13
25	22
24	18
25	20
26	21
23	18
27	21
26	21
23	19
24	21
25	19
26	23
24	19
22	16
27	22
25	21
19	17
23	15
22	10
21	18
24	15
21	13
24	6
20	10
24	11
15	3
23	18
27	24
24	21
24	20
23	21
23	18
22	18
21	18
23	19
25	22
27	19
31	26
28	25
26	23
30	28
30	26
14	5
27	21
27	24
18	14
18	13
18	12
18	12
19	11
19	15
20	13
12	3
18	13
21	16
18	11
19	11
16	6
17	7
23	20
19	14
18	13
23	19
24	19
24	18
26	22
28	23
20	10
25	17
26	21
26	21
25	23
27	23
26	17
25	18
26	23
26	23
25	23
25	23
25	18
15	5
27	21
24	22
28	26
30	27
29	15
27	23
32	28
29	26
28	26
28	25
25	22
22	20
21	19
22	18
19	11
25	22
27	24
30	27
26	22
20	15
21	15
31	29
28	27
12	3
30	26
28	25
22	20
15	8
25	23
19	16
23	21
26	24
26	24
21	13
23	13
26	15
24	20
25	19
28	24
25	11
24	18
25	20
22	16
26	20
23	19
25	20
20	18
14	10
19	16
11	4
12	7
27	22
26	20
26	22
25	22
25	18
25	22
27	22
23	18
31	26
23	20
23	20
19	17
32	26
34	28
28	24
32	26
20	18
17	14
28	22
22	20
30	26
29	25
36	29
34	28
28	21
26	20
23	20
25	20
29	25
35	28
23	20
28	23
22	12
24	17
20	15
23	16
21	12
21	10
14	2
24	18
23	19
28	26
22	18
20	14
24	17
26	16
23	18
18	10
25	12
24	17
26	24
22	18
25	21
26	15
22	16
36	27
32	28
37	32
40	37
37	32
35	31
32	29
32	27
29	26
25	24
24	22
27	25
22	15
27	19
28	24
29	26
32	27
29	25
32	28
28	24
23	21
23	18
27	21
27	22
28	24
23	20
26	21
24	19
18	17
24	18
22	18
21	18
22	15
21	16
22	19
22	19
28	23
28	26
30	26
25	22
24	17
27	24
23	18
25	22
28	24
27	22
22	19
27	24
30	25
26	21
26	20
30	27
27	23
28	23
26	22
27	23
20	6
22	18
23	18
25	21
24	18
22	17
25	21
21	16
23	19
12	3
20	6
23	18
19	18
25	22
23	20
27	24
24	21
28	25
25	23
22	10
27	17
26	21
25	22
24	16
22	19
23	17
16	7
27	23
23	21
25	22
22	14
25	23
25	22
23	20
27	24
25	22
24	22
24	21
25	23
26	24
25	21
22	10
18	10
23	22
25	23
26	24
24	23
24	23
20	19
24	21
25	20
15	7
23	14
24	21
26	22
17	6
29	27
23	21
25	21
26	23
25	22
23	21
22	16
23	20
28	24
25	19
24	5
18	11
20	17
24	22
19	12
26	22
27	24
28	26
27	23
26	23
26	24
25	23
23	21
15	11
23	20
21	14
22	18
26	22
23	19
13	6
22	15
28	25
28	26
26	23
29	24
27	25
28	26
25	22
25	22
21	16
23	15
25	19
16	5
28	26
29	26
27	23
26	23
32	29
28	25
26	23
26	23
26	23
22	18
15	5
21	17
19	18
22	21
23	22
22	19
22	19
25	22
23	19
25	21
18	9
23	20
21	17
19	12
21	12
19	4
22	12
15	3
22	13
24	18
25	20
18	8
29	25
25	17
22	19
27	22
16	7
32	28
27	22
26	20
18	8
27	22
33	29
30	26
30	27
32	30
29	28
27	25
28	25
20	15
16	3
20	16
19	10
24	19
16	9
25	21
20	15
22	19
15	8
25	16
22	20
22	20
22	20
21	18
16	8
23	20
24	20
25	22
30	24
23	20
26	21
31	27
29	23
16	6
25	20
24	20
21	15
20	16
23	19
25	18
27	21
27	21
26	22
28	21
21	15
19	16
26	22
25	21
26	22
24	21
25	20
22	19
26	19
22	16
18	14
18	14
16	10
15	3
19	13
19	14
16	13
21	16
22	16
23	18
21	14
21	15
23	16
24	19
26	20
24	19
22	15
23	17
21	15
24	17
23	19
23	17
20	10
25	21
27	23
29	25
22	16
26	19
25	21
24	20
26	18
24	18
23	16
24	17
25	19
22	17
21	16
20	16
20	15
20	15
23	11
23	18
22	19
23	12
24	15
23	19
24	19
17	11
19	14
18	15
18	13
17	10
21	17
17	10
19	17
18	12
12	4
19	16
20	13
21	12
24	18
13	7
17	15
21	15
28	22
20	18
18	16
13	11
19	13
13	5
22	18
18	8
28	22
23	18
22	19
20	16
17	6
21	17
24	18
20	18
16	14
11	6
19	14
18	10
17	9
23	21
19	13
27	24
25	16
16	7
14	7
24	21
23	20
23	19
24	22
20	18
21	13
23	19
12	8
24	20
23	20
20	19
18	15
15	5
17	7
20	18
27	24
16	9
18	16
24	21
26	21
21	15
20	16
26	22
23	20
23	20
24	21
26	22
23	19
24	20
23	19
24	21
22	16
21	16
25	21
27	20
31	27
21	18
24	20
27	21
25	20
27	23
29	23
20	17
21	17
19	15
21	17
24	19
25	21
27	20
33	24
30	24
30	23
26	22
26	22
29	25
26	21
27	22
25	20
37	30
27	20
27	22
21	18
26	21
25	20
26	20
20	16
25	20
30	24
20	14
26	21
30	21
33	24
32	24
28	20
30	24
30	22
25	18
37	29
35	26
35	26
31	24
29	21
31	25
29	21
27	21
24	18
25	19
29	20
31	24
29	22
27	22
35	26
33	24
32	25
30	23
30	22
29	23
28	19
28	21
30	21
34	25
28	21
27	20
34	28
31	24
35	26
35	27
35	25
33	26
23	19
35	29
36	27
31	26
31	25
28	23
31	25
34	27
30	22
27	19
33	22
31	23
30	24
17	14
32	23
31	24
33	28
26	21
31	24
32	26
29	22
30	24
19	14
26	20
30	19
33	22
21	14
31	22
36	24
36	22
32	26
34	25
24	20
29	20
40	27
29	24
35	25
35	25
32	24
25	19
33	24
19	16
35	24
30	23
28	23
24	19
28	20
32	23
14	11
32	23
33	26
22	18
15	13
38	31
29	20
31	22
31	23
30	22
28	22
32	24
27	22
25	18
30	23
29	20
28	22
46	34
49	35
51	38
42	33
29	21
34	25
31	22
31	21
29	22
17	14
29	24
29	19
30	24
24	19
29	22
34	26
32	24
28	21
22	18
29	23
34	27
35	26
33	26
33	27
34	26
36	26
37	26
28	22
30	25
37	26
36	28
23	16
30	22
17	14
15	11
29	23
30	22
28	19
27	17
23	18
29	23
27	21
24	18
31	23
32	23
24	20
30	22
26	20
29	22
35	27
30	23
20	17
24	20
30	21
24	16
32	23
31	22
29	21
26	21
28	18
25	17
29	21
25	19
29	23
27	22
24	18
16	12
22	18
23	18
21	14
23	16
25	18
28	21
30	23
34	23
19	16
30	22
35	23
29	23
23	20
16	14
32	23
24	19
32	23
32	22
33	22
31	23
31	22
35	25
29	20
29	21
24	19
18	15
21	17
27	21
25	19
20	17
22	18
23	15
24	17
25	19
26	20
27	22
37	28
32	22
30	23
30	23
29	21
28	20
27	19
32	25
26	19
35	26
25	20
31	21
30	23
27	22
31	25
30	24
30	23
23	18
22	19
15	13
27	23
31	23
27	20
30	24
23	20
23	10
33	32
34	29
21	12
30	26
27	24
30	26
33	29
30	26
26	22
24	18
31	27
27	23
32	28
27	25
29	23
26	21
29	27
30	27
32	27
30	28
25	23
26	15
28	24
16	6
32	29
28	25
31	28
29	26
35	32
35	33
32	28
31	29
35	32
29	24
26	23
23	16
32	29
34	32
32	29
31	29
36	33
31	28
34	27
17	8
34	29
26	22
28	24
31	26
31	26
23	19
27	21
21	18
27	21
29	23
26	22
30	25
28	23
27	21
32	26
25	16
27	23
30	22
31	23
26	23
26	23
20	17
30	26
28	23
25	22
29	23
35	31
29	25
26	18
29	25
27	24
24	21
32	28
28	22
27	24
25	17
21	17
30	26
29	25
31	25
29	24
28	22
30	19
28	21
33	26
27	22
28	23
30	26
31	26
26	19
32	28
31	24
32	24
30	22
32	23
31	22
26	16
21	19
21	18
30	22
29	24
24	14
27	22
27	22
27	23
32	22
16	1
26	13
26	12
26	24
29	15
31	21
26	22
29	22
28	23
29	25
24	11
29	23
25	20
25	21
27	23
28	19
28	23
28	23
26	21
25	14
23	17
27	19
26	21
26	17
29	25
29	23
30	23
27	21
28	22
25	19
32	24
27	23
29	23
29	22
30	26
32	27
30	23
31	25
16	8
33	28
31	26
30	25
33	27
31	26
32	27
32	26
34	28
36	26
31	25
32	29
31	25
33	25
32	27
25	12
33	25
30	23
35	29
33	24
31	25
32	26
31	21
26	18
29	22
27	16
28	22
23	5
32	23
37	30
28	25
21	11
30	24
30	26
26	24
30	27
29	25
30	25
29	17
33	30
34	29
31	24
32	23
34	31
34	23
32	18
31	24
31	26
33	30
32	23
33	25
33	29
34	29
29	26
33	28
31	27
34	28
32	27
26	22
31	28
28	26
22	20
30	24
25	21
32	27
33	23
25	13
28	23
24	20
28	26
39	34
37	32
35	32
37	35
32	29
37	33
34	28
16	7
31	27
33	29
31	28
20	18
20	16
29	26
28	23
22	20
29	25
33	24
31	26
32	27
32	28
29	26
33	19
33	25
34	29
35	28
31	27
29	23
29	19
28	14
28	14
32	27
31	25
31	22
34	27
32	24
31	20
33	30
32	26
33	24
35	27
36	19
35	16
31	17
35	31
28	24
36	32
33	24
31	25
37	28
33	28
34	29
31	25
40	34
39	34
39	32
19	18
32	26
30	17
34	30
21	7
17	1
26	6
36	32
28	24
36	30
36	30
34	27
33	26
32	20
29	21
35	31
20	17
38	33
26	22
37	31
28	24
31	27
16	14
38	31
37	32
36	30
37	28
37	32
34	26
29	26
33	30
33	29
31	26
18	16
28	24
33	30
38	29
38	29
39	34
38	31
41	36
36	30
34	30
35	32
23	5
35	26
25	22
27	21
35	26
20	18
22	20
30	26
34	30
27	23
29	22
20	18
28	17
35	29
43	38
34	29
38	33
38	29
38	31
40	35
30	24
34	30
38	32
41	31
24	21
30	27
28	25
34	31
23	19
29	26
29	26
27	22
22	20
27	25
27	24
27	23
21	20
39	34
29	26
40	31
25	23
33	29
28	24
10	9
26	23
31	27
17	15
36	28
28	24
35	30
34	29
25	20
22	20
36	28
24	21
24	21
27	24
26	24
30	27
30	28
32	29
32	29
31	25
28	24
40	36
38	31
33	29
31	27
32	27
37	31
27	24
25	12
41	33
38	30
34	30
33	23
20	18
42	35
39	28
25	20
0	0
0	0
0	0
0	0
0	0
0	0
0	0
0	0
0	0
