Lane,Sample,Index
1,test_sample_atac,SI-NA-A1
